indiv	ABPP1IP_expr	chr10_26434585_G_A_b38	chr10_26434838_A_G_b38	chr10_26434870_G_A_b38	chr10_26435086_T_C_b38	chr10_26435153_G_T_b38	chr10_26435276_C_G_b38	chr10_26435388_A_G_b38	chr10_26435575_A_G_b38	chr10_26435597_G_GTTGT_b38	chr10_26435768_C_T_b38	chr10_26435889_T_C_b38	chr10_26436015_G_C_b38	chr10_26436426_T_C_b38	chr10_26436682_GGA_G_b38	chr10_26437223_AT_A_b38	chr10_26437311_GTTA_G_b38	chr10_26437447_C_T_b38	chr10_26437677_T_C_b38	chr10_26438164_G_T_b38	chr10_26438309_T_A_b38	chr10_26438462_G_GA_b38	chr10_26438463_G_GGGATAACAGAGGA_b38	chr10_26438525_G_A_b38	chr10_26438707_G_C_b38	chr10_26438753_C_A_b38	chr10_26438808_T_C_b38	chr10_26439005_C_G_b38	chr10_26439659_A_AGC_b38	chr10_26440184_A_G_b38	chr10_26440416_C_T_b38	chr10_26440539_A_G_b38	chr10_26440671_A_ATACT_b38	chr10_26440994_G_A_b38	chr10_26441019_C_T_b38	chr10_26441123_C_T_b38	chr10_26441283_A_G_b38	chr10_26441387_C_A_b38	chr10_26441538_C_T_b38	chr10_26441559_G_T_b38	chr10_26441633_G_A_b38	chr10_26442027_G_A_b38	chr10_26442048_T_C_b38	chr10_26442199_T_A_b38
A1	5.645	1	1	1	1	1	1	1	1	1	1	1	1	1	1	1	1	0	0	0	1	1	1	1	1	1	1	1	1	0	0	0	0	1	0	0	0	1	0	0	0	0	0	0
B1	1.504	0	2	0	2	0	0	2	2	2	2	2	2	2	0	2	0	0	2	0	2	2	2	2	2	2	2	2	2	2	2	2	2	0	0	2	1	0	0	2	2	2	0	2
C1	11.77	1	1	1	1	1	1	1	1	1	1	1	1	1	1	1	1	0	0	0	1	1	1	1	1	1	1	1	1	0	0	0	0	1	0	0	0	1	0	0	0	0	0	0
D1	3.563	1	1	0	1	0	1	1	1	1	1	1	1	1	1	1	0	0	1	0	1	1	1	1	1	1	1	1	1	1	1	1	1	1	0	1	0	0	0	1	1	1	0	1
E1	2.913	1	1	0	1	0	1	1	1	1	1	1	1	1	1	1	0	0	1	0	1	1	1	1	1	1	1	1	1	1	1	1	1	0	0	1	1	0	0	1	1	1	0	1
F1	3.122	1	1	0	1	0	1	1	1	1	1	1	1	1	1	1	0	0	1	0	1	1	1	1	1	1	1	1	1	1	1	1	1	1	0	1	1	0	0	1	1	1	0	1
G1	2.214	0	2	2	2	2	0	2	2	2	2	2	2	2	0	2	2	0	0	0	2	2	2	2	2	2	2	2	2	0	0	0	0	0	0	0	0	2	0	0	0	0	0	0
H1	4.25	0	2	0	2	0	0	2	2	2	2	2	2	2	0	2	0	0	2	0	2	2	2	2	2	2	2	2	2	2	2	2	2	0	0	2	1	0	0	2	2	2	0	2
I1	3.221	2	0	0	0	0	2	0	0	0	0	0	0	0	2	0	0	0	0	0	0	0	0	0	0	0	0	0	0	0	0	0	0	2	0	0	0	0	0	0	0	0	0	0
J1	1.463	0	2	1	2	1	0	2	2	2	2	2	2	2	0	2	1	0	1	0	2	2	2	2	2	2	2	2	2	1	1	1	1	0	0	1	1	1	0	1	1	1	0	1
K1	2.721	0	2	1	2	1	0	2	2	2	2	2	2	2	0	2	1	0	1	0	2	2	2	2	2	2	2	2	2	1	1	1	1	0	0	1	0	1	0	1	1	1	0	1
L1	3.345	0	2	1	2	1	0	2	2	2	2	2	2	2	0	2	1	0	1	0	2	2	2	2	2	2	2	2	2	1	1	1	1	0	0	1	1	1	0	1	1	1	0	1
M1	7.779	1	1	0	1	0	1	1	1	1	1	1	1	1	1	1	0	0	1	0	1	1	1	1	1	1	1	1	1	1	1	1	NA	1	0	1	0	0	0	1	1	1	0	1
N1	5.318	1	0	0	0	0	1	0	0	0	0	0	0	0	1	0	0	0	0	1	0	0	0	0	0	0	0	0	0	0	0	0	0	0	0	0	0	0	0	0	0	0	0	0
O1	2.354	0	1	0	1	0	0	1	1	1	1	1	1	1	0	1	0	0	1	0	1	1	1	1	1	1	1	1	1	2	2	2	2	0	0	2	0	0	0	2	2	2	1	2
P1	2.371	0	2	0	2	0	0	2	2	2	2	2	2	2	0	2	0	0	2	0	2	2	2	2	2	2	2	2	2	2	2	2	2	0	0	2	1	0	0	2	2	2	0	2
Q1	2.911	0	2	1	2	1	0	2	2	2	2	2	2	2	0	2	1	0	1	0	2	2	2	2	2	2	2	2	2	1	1	1	1	0	0	1	1	1	0	1	1	1	0	1
R1	8.598	1	1	0	1	0	1	1	1	1	1	1	1	1	1	1	0	0	1	0	1	1	1	1	1	1	1	1	1	1	1	1	1	1	0	1	0	0	0	1	1	1	0	1
S1	7.476	0	2	1	2	1	0	2	2	2	2	2	2	2	0	2	1	0	1	0	2	2	2	2	2	2	2	2	2	1	1	1	1	0	0	1	0	1	0	1	1	1	0	1
T1	8.699	1	1	0	1	0	1	1	1	1	1	1	1	1	1	1	0	0	1	0	1	1	1	1	1	1	1	1	1	NA	1	1	1	1	0	1	0	0	0	1	1	1	0	1
U1	5.637	1	1	0	1	0	1	1	1	1	1	1	1	1	1	1	0	0	1	0	1	1	1	1	1	1	1	1	1	1	1	1	1	1	0	1	1	0	0	1	1	1	0	1
V1	2.101	1	1	1	1	1	1	1	1	1	1	1	1	1	1	1	1	0	0	0	1	1	1	1	1	1	1	1	1	0	0	0	0	1	0	0	0	1	0	0	0	0	0	0
W1	0.2478	1	1	0	1	0	1	1	1	1	1	1	1	1	1	1	0	0	1	0	1	1	1	1	1	1	1	1	1	1	1	1	1	0	0	1	1	0	0	1	1	1	0	1
X1	12.09	1	1	0	1	0	1	1	1	1	1	1	1	1	1	1	0	0	1	0	1	1	1	1	1	1	1	1	1	1	1	1	1	1	0	1	1	0	0	1	1	1	0	1
Y1	4.209	1	1	0	1	0	1	1	1	1	1	1	1	1	1	1	0	0	1	0	1	1	1	1	1	1	1	1	1	1	1	1	1	1	0	1	0	0	0	1	1	1	0	1
Z1	10.27	1	1	0	1	0	1	1	1	1	1	1	1	1	1	1	0	0	1	0	0	0	0	0	0	0	0	0	0	0	0	0	0	1	0	0	0	0	0	0	0	0	0	0
A2	4.28	1	1	1	1	1	1	1	1	1	1	1	1	1	1	1	1	0	0	0	1	1	1	1	1	1	1	1	1	0	0	0	0	0	0	0	0	1	0	0	0	0	0	0
B2	3.503	1	1	0	1	0	1	1	1	1	1	1	1	1	1	1	0	0	1	0	1	1	1	1	1	1	1	1	1	1	1	1	1	0	0	1	0	0	0	1	1	1	0	1
C2	28.06	0	2	2	2	0	0	2	2	2	2	2	2	2	0	2	2	0	0	0	2	2	2	2	2	2	2	2	2	0	0	0	0	0	0	0	0	2	2	0	0	0	0	0
D2	2.063	0	2	1	2	1	0	2	2	2	2	2	2	2	0	2	1	0	1	0	2	2	2	2	2	2	2	2	2	1	1	1	1	0	0	1	1	1	0	1	1	1	0	1
E2	6.615	0	2	1	2	1	0	2	2	2	2	2	2	2	0	2	1	0	1	0	2	2	2	2	2	2	2	2	2	1	1	1	1	0	0	1	1	1	0	1	1	1	0	1
F2	2.645	1	1	1	1	0	1	1	1	1	1	1	1	1	1	NA	1	0	0	1	1	1	1	1	1	1	1	1	1	0	0	0	0	0	0	0	0	1	1	0	0	0	0	0
G2	4.151	1	1	0	1	0	1	1	1	1	1	1	1	1	1	1	0	0	1	0	1	1	1	1	1	1	1	1	1	1	1	1	1	1	0	1	0	0	0	1	1	1	0	1
H2	1.872	1	1	1	1	1	1	1	1	1	1	1	1	1	1	1	1	0	0	0	1	1	1	1	1	1	1	1	1	0	0	0	0	1	0	0	0	1	0	0	0	0	0	0
I2	3.09	1	1	1	1	1	1	1	1	1	1	1	1	1	1	1	1	0	0	1	1	1	1	1	1	1	1	1	1	0	0	0	0	0	0	0	0	1	0	0	0	0	0	0
J2	1.493	0	2	0	2	0	0	2	2	2	2	2	2	2	0	2	0	0	2	0	2	2	2	2	2	2	2	2	2	2	2	2	2	0	0	2	2	0	0	2	2	2	0	2
K2	2.222	0	2	1	2	1	0	2	2	2	2	2	2	2	0	2	1	0	1	0	2	2	2	2	2	2	2	2	2	1	1	1	1	0	0	1	1	1	0	1	1	1	0	1
L2	1.911	0	2	0	2	0	0	2	2	2	2	2	2	2	0	2	0	0	2	0	2	2	2	2	2	2	2	2	2	2	2	2	2	0	0	2	0	0	0	2	2	2	0	2
M2	2.274	2	0	0	0	0	2	0	0	0	0	0	0	0	2	0	0	0	0	0	0	0	0	0	0	0	0	0	0	0	0	0	0	1	0	0	0	0	0	0	0	0	0	0
N2	41.16	1	1	0	1	0	1	1	1	1	1	1	1	1	1	1	0	0	1	0	1	1	1	1	1	1	1	1	1	1	1	1	1	0	0	1	0	0	0	1	1	1	0	1
O2	2.29	0	2	1	2	1	0	2	2	2	2	2	2	2	0	2	1	0	1	0	2	2	2	2	2	2	2	2	2	1	1	1	1	0	0	NA	0	1	0	1	1	1	0	1
P2	1.568	1	1	1	1	1	1	1	1	1	1	1	1	1	1	1	1	0	0	0	1	1	1	1	1	1	1	1	1	0	0	0	0	0	0	0	0	1	0	0	0	0	0	0
Q2	4.603	2	0	0	0	0	2	0	0	0	0	0	0	0	2	0	0	0	0	0	0	0	0	0	0	0	0	0	0	0	0	0	0	2	0	0	0	0	0	0	0	0	0	0
R2	3.121	1	1	1	1	1	1	1	1	1	1	1	1	1	1	1	1	0	0	0	1	1	1	1	1	1	1	1	1	0	0	0	0	1	0	0	0	1	0	0	0	0	0	0
S2	2.427	0	2	0	2	0	0	2	2	2	2	2	2	2	0	2	0	0	2	0	2	2	2	2	2	2	2	2	2	2	2	2	2	0	0	2	1	0	0	2	2	2	0	2
T2	1.687	0	2	2	2	2	0	2	2	2	2	2	2	2	0	2	2	0	0	0	2	2	2	2	2	2	2	2	2	0	0	0	0	0	0	0	0	2	0	0	0	0	0	0
U2	3.706	1	1	0	1	0	1	1	1	1	1	1	1	1	1	1	0	0	1	0	1	1	1	1	1	1	1	1	1	1	1	1	1	1	0	1	0	0	0	1	1	1	0	1
V2	4.567	1	1	0	1	0	1	1	1	1	1	1	1	1	1	1	0	0	1	0	1	1	1	1	1	1	1	1	1	1	1	1	1	1	0	1	1	0	0	1	1	1	0	1
W2	4.174	0	2	2	2	0	0	2	2	2	2	2	2	2	0	2	1	0	1	0	2	2	2	2	2	2	2	2	1	1	1	1	1	0	0	1	0	1	1	1	1	1	1	1
X2	3.675	0	2	0	2	0	0	2	2	2	2	2	2	2	0	2	0	0	2	0	2	2	2	2	2	2	2	2	2	2	2	2	2	0	0	2	1	0	0	2	2	2	0	2
Y2	11.84	0	2	2	2	2	0	2	2	2	2	2	2	2	0	2	2	0	0	0	2	2	2	2	2	2	2	2	2	0	0	0	0	0	0	0	0	2	0	0	0	0	0	0
Z2	3.187	2	0	0	0	0	2	0	0	0	0	0	0	0	2	0	0	0	0	0	0	0	0	0	0	0	0	0	0	0	0	0	0	2	0	0	0	0	0	0	0	0	0	0
A3	1.381	0	2	1	2	1	0	2	2	2	2	2	2	2	0	2	1	0	1	0	2	2	2	2	2	2	2	2	2	1	1	1	1	0	0	1	0	1	0	1	1	1	0	1
B3	1.427	0	2	1	2	1	0	2	2	2	2	2	2	2	NA	2	1	0	1	0	2	2	2	2	2	2	2	2	2	1	1	1	1	0	0	1	1	1	0	1	1	1	0	1
C3	5.867	1	1	0	1	0	1	1	1	1	1	1	1	1	1	1	0	0	1	0	1	1	1	1	1	1	1	1	1	1	1	1	1	0	0	1	0	0	0	1	1	1	0	1
D3	2.508	1	1	1	1	1	1	1	1	1	1	1	1	1	1	1	1	0	0	0	1	1	1	1	1	1	1	1	1	0	0	0	0	0	0	0	0	1	0	0	0	0	0	0
E3	10.95	1	1	0	1	0	1	1	1	1	1	1	1	1	1	1	0	0	1	0	1	1	1	1	1	1	1	1	1	1	1	1	1	0	0	1	0	0	0	1	1	1	0	1
F3	5.399	0	2	1	2	1	0	2	2	2	2	2	2	2	0	2	1	0	1	0	2	2	2	2	2	2	2	2	2	1	1	1	1	0	0	1	1	1	0	1	1	1	0	1
G3	3.209	0	2	1	2	1	0	2	2	2	2	2	2	2	0	2	1	0	1	0	2	2	2	2	2	2	2	2	2	1	1	1	1	0	0	1	1	1	0	1	1	1	0	1
H3	16.19	2	0	0	0	0	2	0	0	0	0	0	0	0	2	0	0	0	0	0	0	0	0	0	0	0	0	0	0	0	0	0	0	2	0	0	0	0	0	0	0	0	0	0
I3	5.043	2	0	0	0	0	2	0	0	0	0	0	0	0	2	0	0	0	0	0	0	0	0	0	0	0	0	0	0	0	0	0	0	0	0	0	0	0	0	0	0	0	0	0
J3	9.392	1	0	0	0	0	1	0	0	0	0	0	0	0	2	0	0	0	0	1	0	0	0	0	0	0	0	0	0	0	0	0	0	0	0	0	0	0	0	0	0	0	0	0
K3	1.637	1	1	1	1	1	1	1	1	1	1	1	1	1	1	1	1	0	0	0	1	1	1	1	1	1	1	1	1	0	0	0	0	0	0	0	0	1	0	0	0	0	0	0
L3	5.999	1	1	0	1	0	1	1	1	1	1	1	1	1	1	1	0	0	1	1	1	1	1	1	1	1	1	1	1	1	1	1	1	0	0	1	0	0	0	1	1	1	0	1
M3	4.945	0	2	2	2	1	0	2	2	2	2	2	2	2	0	2	2	0	0	0	2	2	2	2	2	2	2	2	2	0	0	0	0	0	0	0	0	2	1	0	0	0	0	0
N3	4.121	1	1	1	1	1	1	1	1	1	1	1	1	1	1	1	1	0	0	0	1	1	1	1	1	1	1	1	1	0	0	0	0	0	0	0	0	1	0	0	0	0	0	0
O3	2.288	0	1	0	1	0	0	1	1	1	1	1	1	1	0	1	0	0	1	0	1	1	1	1	1	1	1	1	1	2	2	2	2	0	0	2	0	0	0	2	2	2	1	2
P3	10.96	2	0	0	0	0	2	0	0	0	0	0	0	0	2	0	0	0	0	0	0	0	0	0	0	0	0	0	0	0	0	0	0	1	0	0	0	0	0	0	0	0	0	0
Q3	6.678	1	1	0	1	0	1	1	1	1	1	1	1	1	1	1	0	0	1	0	1	1	1	1	1	1	1	1	1	1	1	1	1	0	0	1	1	0	0	1	1	1	0	1
R3	4.081	0	2	0	2	0	0	2	2	2	2	2	2	2	0	2	0	0	2	0	2	2	2	2	2	2	2	2	2	2	2	2	2	0	0	2	0	0	0	2	2	2	0	2
S3	3.122	0	2	1	2	1	0	2	2	2	2	2	2	2	0	2	1	0	1	0	2	2	2	2	2	2	2	2	2	1	1	1	1	0	0	1	0	1	0	1	1	1	0	1
T3	8.072	1	1	0	1	0	1	1	1	1	1	1	1	1	1	1	0	0	1	0	1	1	1	1	1	1	1	1	1	1	1	1	1	0	0	1	0	0	0	1	1	1	0	1
U3	6.737	2	0	0	0	0	2	0	0	0	0	0	0	0	2	0	0	0	0	0	0	0	0	0	0	0	0	0	0	0	0	0	0	1	0	0	0	0	0	0	0	0	0	0
V3	2.373	0	2	1	2	1	0	2	2	2	2	2	2	2	0	2	1	0	1	0	2	2	2	2	2	2	2	2	2	1	1	1	1	0	0	1	1	1	0	1	1	1	0	1
W3	4.465	1	1	0	1	0	1	1	1	1	1	1	1	1	1	1	0	0	1	0	1	1	1	1	1	1	1	1	1	1	1	1	1	1	0	1	1	0	0	1	1	1	0	1
X3	3.626	1	1	0	1	0	1	1	1	1	1	1	1	1	1	1	0	0	1	0	1	1	1	1	1	1	1	1	1	1	1	1	1	0	0	1	0	0	0	1	1	1	0	1
Y3	9.115	1	1	1	1	1	1	1	1	1	1	1	1	1	1	1	1	0	0	0	1	1	1	1	1	1	1	1	1	0	0	0	0	0	0	0	0	1	0	0	0	0	0	0
Z3	4.312	0	2	0	2	0	0	2	2	2	2	2	2	2	0	2	0	0	2	0	2	2	2	2	2	2	2	2	2	2	2	2	2	0	0	2	2	0	0	2	2	2	0	2
A4	14.33	1	1	1	1	1	1	1	1	1	1	1	1	1	1	1	1	0	0	0	1	1	1	1	1	1	1	1	1	0	0	0	0	1	0	0	0	1	0	0	0	0	0	0
B4	8.949	1	1	0	1	0	1	1	1	1	1	1	1	1	1	1	0	0	1	0	1	1	1	1	1	1	1	1	1	1	1	1	1	1	0	1	1	0	0	1	1	1	0	1
C4	8.744	0	2	1	2	1	0	2	2	2	2	2	2	2	0	2	1	0	1	0	2	2	2	2	2	2	2	2	2	1	1	1	1	0	0	1	0	1	0	1	1	1	0	1
D4	11.11	2	0	0	0	0	2	0	0	0	0	0	0	0	2	0	0	0	0	0	0	0	0	0	0	0	0	0	0	0	0	0	0	2	0	0	0	0	0	0	0	0	0	0
E4	7.78	0	2	2	2	2	0	2	2	2	2	2	2	2	0	2	2	0	0	0	2	2	2	2	2	2	2	2	2	0	0	0	0	0	0	0	0	2	0	0	0	0	0	0
F4	5.651	1	0	0	0	0	1	0	0	0	0	0	0	0	1	0	0	0	0	0	0	0	0	0	0	0	0	0	0	1	1	1	1	0	0	1	0	0	0	1	1	1	1	1
G4	2.299	0	2	1	2	1	0	2	2	2	2	2	2	2	0	2	1	0	1	0	2	2	2	2	2	2	2	2	2	1	1	1	1	0	0	1	1	1	0	1	1	1	0	1
H4	1.47	1	1	1	1	0	1	1	1	1	1	1	1	1	1	1	1	0	0	0	1	1	1	1	1	1	1	1	1	0	0	0	0	0	0	0	0	1	1	0	0	0	0	0
I4	5.121	0	2	0	2	0	0	2	2	2	2	2	2	2	0	2	0	0	2	0	2	2	2	2	2	2	2	2	2	2	2	2	2	0	0	2	1	0	0	2	2	2	0	2
J4	4.448	1	1	1	1	1	1	1	1	1	1	1	1	1	1	1	1	0	0	0	1	1	1	1	1	1	1	1	1	0	0	0	0	1	0	0	0	1	0	0	0	0	0	0
K4	14.32	0	1	0	1	0	0	1	1	1	1	1	1	1	0	1	0	0	1	0	1	1	1	1	1	1	1	1	1	2	2	2	2	0	0	2	0	0	0	2	2	2	1	2
L4	3.502	0	2	0	2	0	0	2	2	2	2	2	2	2	0	2	0	0	2	0	2	2	2	2	2	2	2	2	2	2	2	2	2	0	0	2	1	0	0	2	2	2	0	2
M4	2.454	0	2	0	2	0	0	2	2	2	2	2	2	2	0	2	0	0	2	0	2	2	2	2	2	2	2	2	2	2	NA	NA	2	0	0	2	1	0	0	2	2	2	0	2
N4	2.283	1	1	1	1	1	1	1	1	1	1	1	1	1	1	1	1	0	0	0	1	1	1	1	1	1	1	1	1	0	0	0	0	1	0	0	0	1	0	0	0	0	0	0
O4	5.944	0	2	0	2	0	0	2	2	2	2	2	2	2	0	2	0	0	2	0	2	2	2	2	2	2	2	2	2	2	2	2	2	0	0	2	0	0	0	2	2	2	0	2
P4	0.8328	1	1	0	1	0	1	1	1	1	1	1	1	1	1	1	NA	0	1	0	1	1	1	1	1	1	1	1	1	1	1	1	1	1	0	1	0	NA	0	1	1	1	0	1
Q4	6.364	0	2	1	2	1	0	2	2	2	2	2	2	2	0	2	1	0	1	0	2	2	2	2	2	2	2	2	2	1	1	1	1	0	0	1	0	1	0	1	1	1	0	1
R4	3.761	0	2	1	2	0	0	2	2	2	2	2	2	2	0	2	1	0	1	0	2	2	2	2	2	2	2	2	2	1	1	1	1	0	0	1	0	1	1	1	1	1	0	1
S4	2.991	0	2	1	2	1	0	2	2	2	2	2	2	2	0	2	1	0	1	0	2	2	2	2	2	2	2	2	2	1	1	1	1	0	0	1	0	1	0	1	1	1	0	1
T4	2.707	0	2	1	2	1	0	2	2	2	2	2	2	2	0	2	1	0	1	0	2	2	2	2	2	2	2	2	2	1	1	1	1	0	0	1	1	1	0	1	1	1	0	1
U4	16.48	0	2	1	2	1	0	2	2	2	2	2	2	2	0	2	1	0	1	0	2	2	2	2	2	2	2	2	2	1	1	1	1	0	0	1	0	1	0	1	1	1	0	1
V4	1.559	1	1	1	1	1	1	1	1	1	1	1	1	1	1	1	1	0	0	0	1	1	1	1	1	1	1	1	1	0	0	0	0	1	0	0	0	1	0	0	0	0	0	0
W4	5.921	2	0	0	0	0	2	0	0	0	0	0	0	0	2	0	0	0	0	0	0	0	0	0	0	0	0	0	0	0	0	0	0	0	0	0	0	0	0	0	0	0	0	0
X4	3.501	0	2	2	2	2	0	2	2	2	2	2	2	2	0	2	2	0	0	0	2	2	2	2	2	2	2	2	2	0	0	0	0	0	0	0	0	2	0	0	0	0	0	0
Y4	6.049	0	2	1	2	1	0	2	2	2	2	2	2	2	0	2	1	0	1	0	2	2	2	2	2	2	2	2	2	1	1	1	1	0	0	1	0	1	0	1	1	1	0	1
Z4	2.861	0	2	1	2	1	0	2	2	2	2	2	2	2	0	2	1	0	1	0	2	2	2	2	2	2	2	2	2	1	1	1	1	0	0	1	1	1	0	1	1	1	0	1
A5	3.945	1	0	0	0	0	1	0	0	0	0	0	0	0	1	0	0	0	0	1	0	0	0	0	0	0	0	0	0	0	0	0	0	0	0	0	0	0	0	0	0	0	0	0
B5	5.485	0	2	2	2	2	0	2	2	2	2	2	2	2	0	2	2	0	0	0	2	2	2	2	2	2	2	2	2	0	0	0	0	0	0	0	0	2	0	0	0	0	0	0
C5	1.968	0	2	1	2	0	0	2	2	2	2	2	2	2	0	2	1	0	1	0	2	2	2	2	2	2	2	2	2	1	1	1	1	0	0	1	0	1	NA	1	1	1	0	1
D5	5.943	2	0	0	0	0	2	0	0	0	0	0	0	0	2	0	0	0	0	0	0	0	0	0	0	0	0	0	0	0	0	0	0	1	0	0	0	0	0	0	0	0	0	0
E5	4.7	1	1	0	1	0	1	1	1	1	1	1	1	1	1	1	0	0	1	0	1	1	1	1	1	1	1	1	1	1	1	1	1	1	0	1	0	0	0	1	1	1	0	1
F5	3.481	1	1	0	1	0	1	1	1	1	1	1	1	1	1	1	0	0	1	0	1	1	1	1	1	1	1	1	1	1	1	1	1	1	0	1	1	0	0	1	1	1	0	1
G5	2.786	0	2	1	2	1	0	2	2	2	2	2	2	2	0	2	1	0	1	0	2	2	2	2	2	2	2	2	2	1	1	1	1	0	0	1	1	1	0	1	1	1	0	1
H5	2.053	1	1	0	1	0	1	1	1	1	1	1	1	1	1	1	0	0	1	0	1	1	1	1	1	1	1	1	1	1	1	1	1	1	0	1	0	0	0	1	1	1	0	1
I5	1.631	1	1	0	1	0	1	1	1	1	1	1	1	1	1	1	0	0	1	0	1	1	1	1	1	1	1	1	1	1	1	1	1	1	0	1	0	0	0	1	1	1	0	1
J5	3.44	1	1	1	1	1	1	1	1	1	1	1	1	1	1	1	1	0	0	0	1	1	1	1	1	1	1	1	1	0	0	0	0	0	0	0	0	1	0	0	0	0	0	0
K5	3.061	1	1	1	1	1	1	1	1	1	1	1	1	1	1	1	1	0	0	0	1	1	1	1	1	1	1	1	1	0	0	0	0	1	0	0	0	1	0	0	0	0	0	0
L5	3.189	1	1	1	1	1	1	1	1	1	1	1	1	1	1	1	1	0	0	0	1	1	1	1	1	1	1	1	1	0	0	0	0	0	0	0	0	1	0	0	0	0	0	0
M5	14.35	0	2	0	2	0	0	2	2	2	2	2	2	2	0	2	0	0	2	0	2	2	2	2	2	2	2	2	2	2	2	2	2	0	0	2	2	0	0	2	2	2	0	2
N5	6.438	2	0	0	0	0	2	0	0	0	0	0	0	0	2	0	0	0	0	0	0	0	0	0	0	0	0	0	0	0	0	0	0	1	0	0	0	0	0	0	0	0	0	0
O5	3.383	0	2	1	2	1	0	2	2	2	2	2	2	2	0	2	1	0	1	0	2	2	2	2	2	2	2	2	2	1	1	1	1	0	0	1	0	1	0	1	1	1	0	1
P5	16.63	0	2	0	2	0	0	2	2	2	2	2	2	2	0	2	NA	0	2	0	2	2	2	2	2	2	2	2	2	2	2	2	2	0	0	2	1	0	0	2	2	2	0	2
Q5	3.156	1	1	0	1	0	1	1	1	1	1	1	1	1	1	1	0	0	1	0	1	1	1	1	1	1	1	1	1	1	1	1	1	1	0	1	0	0	0	1	1	1	0	1
R5	2.23	0	2	2	2	2	0	2	2	2	2	2	2	2	0	2	2	0	0	0	2	2	2	2	2	2	2	2	2	0	0	0	0	0	0	0	0	2	0	0	0	0	0	0
S5	3.167	1	1	1	1	1	1	1	1	1	1	1	1	1	1	1	1	0	0	0	1	1	1	1	1	1	1	1	1	0	0	0	0	1	0	0	0	1	0	0	0	0	0	0
T5	12.74	0	2	2	2	2	0	2	2	2	2	2	2	2	0	2	2	0	0	0	2	2	2	2	2	2	2	2	2	0	0	0	0	0	0	0	0	2	0	0	0	0	0	0
U5	2.227	0	2	0	2	0	0	2	2	2	2	2	2	2	0	2	0	0	2	0	2	2	2	2	2	2	2	2	2	2	2	2	2	0	0	2	0	0	0	2	2	2	0	2
V5	2.186	2	0	0	0	0	2	0	0	0	0	0	0	0	2	0	0	0	0	0	0	0	0	0	0	0	0	0	0	0	0	0	0	1	0	0	0	0	0	0	0	0	0	0
W5	4.872	0	2	2	2	2	0	2	2	2	2	2	2	2	0	2	2	0	0	0	2	2	2	2	2	2	2	2	2	0	0	0	0	0	0	0	0	2	0	0	0	0	0	0
X5	4.474	0	2	0	2	0	0	2	2	2	2	2	2	2	0	2	0	0	2	0	2	2	2	2	2	2	2	2	2	2	2	2	2	0	0	2	1	0	0	2	2	2	0	2
Y5	4.957	0	2	2	2	2	0	2	2	2	2	2	2	2	0	2	2	0	0	0	2	2	2	2	2	2	2	2	2	0	0	0	0	0	0	0	0	2	0	0	0	0	0	0
Z5	6.176	1	1	0	1	0	0	1	1	1	1	1	1	1	0	0	0	1	0	0	0	0	0	0	0	0	0	0	0	0	0	0	0	0	1	0	0	0	0	0	0	0	0	0
A6	3.179	1	1	1	1	1	1	1	1	1	1	1	1	1	1	1	1	0	0	0	1	1	1	1	1	1	1	1	1	0	0	0	0	1	0	0	0	1	0	0	0	0	0	0
B6	2.274	1	1	1	1	1	1	1	1	1	1	1	1	1	1	1	1	0	0	0	1	1	1	1	1	1	1	1	1	0	0	0	0	1	0	0	0	1	0	0	0	0	0	0
C6	5.795	0	2	1	2	1	0	2	2	2	2	2	2	2	0	2	1	0	1	0	2	2	2	2	2	2	2	2	2	1	1	1	1	0	0	1	0	1	0	1	1	1	0	1
D6	4.448	0	2	0	2	0	0	2	2	2	2	2	2	2	0	2	0	0	2	0	2	2	2	2	2	2	2	2	2	2	2	2	2	0	0	2	0	0	0	2	2	2	0	2
E6	6.009	1	1	0	1	0	1	1	1	1	1	1	1	1	1	1	0	0	1	0	1	1	1	1	1	1	1	1	1	1	1	1	1	1	0	1	0	0	0	1	1	1	0	1
F6	2.218	1	1	0	1	0	1	1	1	1	1	1	1	1	1	1	0	0	1	0	1	1	1	1	1	1	1	1	1	1	1	1	1	0	0	1	1	0	0	1	1	1	0	1
G6	21.61	2	0	0	0	0	2	0	0	0	0	0	0	0	2	0	0	0	0	0	0	0	0	0	0	0	0	0	0	0	0	0	0	2	0	0	0	0	0	0	0	0	0	0
H6	4.545	2	0	0	0	0	2	0	0	0	0	0	0	0	2	0	0	0	0	0	0	0	0	0	0	0	0	0	0	0	0	0	0	1	0	0	0	0	0	0	0	0	0	0
I6	4.177	1	1	1	1	1	1	1	1	1	1	1	1	1	1	1	1	0	0	0	1	1	1	1	1	1	1	1	1	0	0	0	0	0	0	0	0	1	0	0	0	0	0	0
J6	4.911	1	1	0	1	0	1	1	1	1	1	1	1	1	1	1	0	0	1	0	1	1	1	1	1	1	1	1	1	1	1	1	1	1	0	1	1	0	0	1	1	1	0	1
K6	2.817	1	1	0	1	0	1	1	1	1	1	1	1	1	1	1	0	0	1	0	1	1	1	1	1	1	1	1	1	1	1	1	1	1	0	1	0	0	0	1	1	1	0	1
L6	5.544	2	0	0	0	0	2	0	0	0	0	0	0	0	2	0	0	0	0	0	0	0	0	0	0	0	0	0	0	0	0	0	0	2	0	0	0	0	0	0	0	0	0	0
M6	4.982	0	2	1	2	1	0	2	2	2	2	2	2	2	0	2	1	0	1	0	2	2	2	2	2	2	2	2	2	1	1	1	1	0	0	1	1	1	0	1	1	1	0	1
N6	3.334	1	1	1	1	1	1	1	1	1	1	1	1	1	1	1	1	0	0	0	1	1	1	1	1	1	1	1	1	0	0	0	0	0	0	0	0	1	0	0	0	0	0	0
O6	12.1	1	1	0	1	0	1	1	1	1	1	1	1	1	1	1	0	0	1	0	1	1	1	1	1	1	1	1	1	1	1	1	1	0	0	1	0	0	0	1	1	1	0	1
P6	2.447	1	1	1	1	1	1	1	1	1	1	1	1	1	1	1	1	0	0	0	1	1	1	1	1	1	1	1	1	0	0	0	0	0	0	0	0	1	0	0	0	0	0	0
Q6	3.459	1	1	0	1	0	1	1	1	1	1	1	1	1	1	1	0	0	1	0	1	1	1	1	1	1	1	1	1	1	1	1	1	1	0	1	0	0	0	NA	1	1	0	1
R6	4.252	2	0	0	0	0	2	0	0	0	0	0	0	0	2	0	0	0	0	0	0	0	0	0	0	0	0	0	0	0	0	0	0	2	0	0	0	0	0	0	0	0	0	0
S6	11.14	0	2	0	2	0	0	2	2	2	2	2	2	2	0	2	0	0	2	0	2	2	2	2	2	2	2	2	2	2	2	2	2	0	0	2	1	0	0	2	2	2	0	2
T6	3.211	1	1	1	1	0	1	1	1	1	1	1	1	1	1	0	0	1	0	1	0	0	0	0	0	0	0	0	0	0	0	0	0	0	1	0	0	0	0	0	0	0	0	0
U6	5.676	2	0	0	0	0	2	0	0	0	0	0	0	0	2	0	0	0	0	0	0	0	0	0	0	0	0	0	0	0	0	0	0	1	0	0	0	0	0	0	0	0	0	0
V6	5.537	2	0	0	0	0	2	0	0	0	0	0	0	0	2	0	0	0	0	0	0	0	0	0	0	0	0	0	0	0	0	0	0	1	0	0	0	0	0	0	0	0	0	0
W6	23.21	2	0	0	0	0	2	0	0	0	0	0	0	0	2	0	0	0	0	0	0	0	0	0	0	0	0	0	0	0	0	0	0	1	0	0	0	0	0	0	0	0	0	0
X6	1.484	1	1	0	1	0	1	1	1	1	1	1	1	1	1	1	0	0	1	0	1	1	1	1	1	1	1	1	1	1	1	1	1	1	0	1	0	0	0	1	1	1	0	1
Y6	7.236	1	1	1	1	1	1	1	1	1	1	1	1	1	1	1	1	0	0	0	1	1	1	1	1	1	1	1	1	0	0	0	0	1	0	0	0	1	0	0	0	0	0	0
Z6	3.436	0	2	1	2	1	0	2	2	2	2	2	2	2	0	2	1	0	1	0	2	2	2	2	2	2	2	2	2	1	1	1	1	0	0	1	0	1	0	1	1	1	0	1
A7	4.447	1	1	0	1	0	1	1	1	1	1	1	1	1	1	1	0	0	1	0	1	1	1	1	1	1	1	1	1	1	1	1	1	0	0	1	0	0	0	1	1	1	0	1
B7	11.84	1	1	0	1	0	1	1	1	1	1	1	1	1	1	1	0	0	1	0	1	1	1	1	1	1	1	1	1	1	1	1	1	0	0	1	1	0	0	1	1	1	0	1
C7	2.658	2	0	0	0	0	2	0	0	0	0	0	0	0	2	0	0	0	0	0	0	0	0	0	0	0	0	0	0	0	0	0	0	0	0	0	0	0	0	0	0	0	0	0
D7	2.644	0	2	0	2	0	0	2	2	2	2	2	2	2	0	2	0	0	2	0	2	2	2	2	2	2	2	2	2	2	2	2	2	0	0	2	0	0	0	2	2	2	0	2
E7	3.55	1	1	1	1	1	1	1	1	1	1	1	1	1	1	1	1	0	0	0	1	1	1	1	1	1	1	1	1	0	0	0	0	1	0	0	0	1	0	0	0	0	0	0
F7	17.67	1	1	0	1	0	1	1	1	1	1	1	1	1	1	1	0	0	1	0	1	1	1	1	1	1	1	1	1	1	1	1	1	0	0	1	1	0	0	1	1	1	0	1
G7	10.24	2	0	0	0	0	2	0	0	0	0	0	0	0	2	0	0	0	0	0	0	0	0	0	0	0	0	0	0	0	0	0	0	2	0	0	0	0	0	0	0	0	0	0
H7	1.416	0	2	0	2	0	0	2	2	2	2	2	2	2	0	2	0	0	2	0	2	2	2	2	2	2	2	2	2	2	2	2	2	0	0	2	1	0	0	2	2	2	0	2
I7	4.26	1	1	0	1	0	1	1	1	1	1	1	1	1	1	NA	0	0	1	0	1	1	1	1	1	1	1	1	1	1	1	1	1	0	0	1	0	0	0	1	1	1	0	1
J7	7.178	1	1	0	1	0	1	1	1	1	1	1	1	1	1	1	0	0	1	0	1	1	1	1	1	1	1	1	1	1	1	1	1	0	0	1	1	0	0	1	1	1	0	1
K7	2.223	0	2	2	2	2	0	2	2	2	2	2	2	2	0	2	2	0	0	0	2	2	2	2	2	2	2	2	2	0	0	0	0	0	0	0	0	2	0	0	0	0	0	0
L7	5.987	0	2	1	2	1	0	2	2	2	2	2	2	2	0	2	1	0	1	0	2	2	2	2	2	2	2	2	2	1	1	1	1	0	0	1	0	1	0	1	1	1	0	1
M7	20.49	0	2	2	2	2	0	2	2	2	2	2	2	2	0	2	2	0	0	0	2	2	2	2	2	2	2	2	2	0	0	0	0	0	0	0	0	2	0	0	0	0	0	0
N7	10.7	1	1	0	1	0	1	1	1	1	1	1	1	1	1	1	0	0	1	0	1	1	1	1	1	1	1	1	1	1	1	1	1	1	0	1	0	0	0	1	1	1	0	1
O7	2.71	0	2	0	2	0	0	2	2	2	2	2	2	2	0	2	0	0	2	0	2	2	2	2	2	2	2	2	2	2	2	2	2	0	0	2	1	0	0	2	2	2	0	2
P7	1.835	0	2	0	2	0	0	2	2	2	2	2	2	2	0	2	0	0	2	0	2	2	2	2	2	2	2	2	2	2	2	NA	2	0	0	2	0	0	0	2	2	2	0	2
Q7	2.518	1	1	1	1	1	1	1	1	1	1	1	1	1	1	1	1	0	0	0	1	1	1	1	1	1	1	1	1	0	0	0	0	0	0	0	0	1	0	0	0	0	0	0
R7	3.317	0	2	1	2	1	0	2	2	2	2	2	2	2	0	2	1	0	1	0	2	2	2	2	2	2	2	2	2	1	1	1	1	0	0	1	1	1	0	1	1	1	0	1
S7	4.762	0	2	1	2	1	0	2	2	2	2	2	2	2	0	2	1	0	1	0	2	2	2	2	2	2	2	2	2	1	1	1	1	0	0	1	0	1	0	1	1	1	0	1
T7	1.61	0	2	2	2	2	0	2	2	2	2	2	2	2	0	2	2	0	0	0	2	2	2	2	2	2	2	2	2	0	0	0	0	0	0	0	0	2	0	0	0	0	0	0
U7	5.902	1	1	0	1	0	1	1	1	1	1	1	1	1	1	1	0	0	1	0	1	1	1	1	1	1	1	1	1	1	1	1	1	0	0	1	1	0	0	1	1	1	0	1
V7	1.732	0	2	2	2	2	0	2	2	2	2	2	2	2	0	2	2	0	0	0	2	2	2	2	2	2	2	2	2	0	0	0	0	0	0	0	0	2	0	0	0	0	0	0
W7	6.285	1	1	0	1	0	1	1	1	1	1	1	1	1	1	NA	0	0	1	0	1	1	1	1	1	1	1	1	1	1	1	1	1	1	0	1	1	0	0	1	1	1	0	1
X7	6.901	0	2	0	2	0	0	2	2	2	2	2	2	2	0	2	0	0	2	0	2	2	2	2	2	2	2	2	2	2	2	2	2	0	0	2	1	0	0	2	2	2	0	2
Y7	2.859	1	1	1	1	1	1	1	1	1	1	1	1	1	1	1	1	0	0	0	1	1	1	1	1	1	1	1	1	0	0	0	0	1	0	0	0	1	0	0	0	0	0	0
Z7	1.292	0	2	0	2	0	0	2	2	2	2	2	2	2	0	2	0	0	2	0	2	2	2	2	2	2	2	2	2	2	2	2	2	0	0	2	0	0	0	2	2	2	0	2
A8	6.539	0	2	0	2	0	0	2	2	NA	2	2	2	2	0	2	0	0	2	0	2	2	2	2	2	2	2	2	2	2	2	2	2	0	0	2	0	0	0	2	2	2	0	2
B8	4.433	2	0	0	0	0	2	0	0	0	0	0	0	0	2	0	0	0	0	0	0	0	0	0	0	0	0	0	0	0	0	0	0	1	0	0	0	0	0	0	0	0	0	0
C8	2.112	1	1	0	1	0	1	1	1	1	1	1	1	1	1	1	0	0	1	0	1	1	1	1	1	1	1	1	1	1	1	1	1	0	0	1	1	0	0	1	1	1	0	1
D8	5.854	1	1	1	1	1	1	1	1	1	1	1	1	1	1	1	1	0	0	0	1	1	1	1	1	1	1	1	1	0	0	0	0	1	0	0	0	1	0	0	0	0	0	0
E8	0.9166	1	1	0	1	0	1	1	1	1	1	1	1	1	1	1	0	0	1	0	1	1	1	1	1	1	1	1	1	1	1	1	1	0	0	1	0	0	0	1	1	1	0	1
F8	13.2	0	2	1	2	1	0	2	2	2	2	2	2	2	0	2	1	0	1	0	2	2	2	2	2	2	2	2	2	1	1	1	1	0	0	1	1	1	0	1	1	1	0	1
G8	2.665	0	2	1	2	1	0	2	2	2	2	2	2	2	0	2	1	0	1	0	2	2	2	2	2	2	2	2	2	1	1	1	1	0	0	1	0	1	0	1	1	1	0	1
H8	6.633	2	0	0	0	0	2	0	0	0	0	0	0	0	2	0	0	0	0	0	0	0	0	0	0	0	0	0	0	0	0	0	0	2	0	0	0	0	0	0	0	0	0	0
I8	4.299	1	1	0	1	0	1	1	1	1	1	1	1	1	1	1	0	0	1	0	1	1	1	1	1	1	1	1	1	1	1	1	1	0	0	1	1	0	0	1	1	1	0	1
J8	1.754	0	2	1	2	1	0	2	2	2	2	2	2	2	0	2	1	0	1	0	2	2	2	2	2	2	2	2	2	1	1	1	1	0	0	1	0	1	0	1	1	1	0	1
K8	5.029	0	1	1	1	0	0	1	1	1	1	1	1	1	1	1	1	0	0	0	1	1	1	1	1	1	1	1	1	0	0	0	0	0	0	0	0	1	1	0	0	0	0	0
L8	2.591	0	2	1	2	1	0	2	2	2	2	2	2	2	0	2	1	0	1	0	2	2	2	2	2	2	2	2	2	1	1	1	1	0	0	1	0	1	0	1	1	1	0	1
M8	7.425	1	1	0	1	0	1	1	1	1	1	1	1	1	1	1	0	0	1	0	1	1	1	1	1	1	1	1	1	1	1	1	1	1	0	1	1	0	0	1	1	1	0	1
N8	4.42	0	2	1	2	1	0	2	2	2	2	2	2	2	0	2	1	0	1	0	2	2	2	2	2	2	2	2	2	1	1	1	1	0	0	1	0	1	0	1	1	1	0	1
O8	33.89	0	2	1	2	1	0	2	2	2	2	2	2	2	0	2	1	0	1	0	2	2	2	2	2	2	2	2	2	1	1	1	1	0	0	1	1	1	0	1	1	1	0	1
P8	2.305	1	1	1	1	1	1	1	1	1	1	1	1	1	1	1	1	0	0	0	1	1	1	1	1	1	1	1	1	0	0	0	0	1	0	0	0	1	0	0	0	0	0	0
Q8	13.68	1	1	1	1	1	1	1	1	1	1	1	1	1	1	1	1	0	0	0	1	1	1	1	1	1	1	1	1	0	0	0	0	0	0	0	0	1	0	0	0	0	0	0
R8	5.516	0	1	1	1	1	0	1	1	1	1	1	1	1	0	1	1	0	0	0	1	1	1	1	1	1	1	1	1	0	0	0	0	0	0	0	0	1	0	0	0	0	0	0
S8	7.594	2	0	0	0	0	2	0	0	0	0	0	0	0	2	0	0	0	0	0	0	0	0	0	0	0	0	0	0	0	0	0	0	1	0	0	0	0	0	0	0	0	0	0
T8	1.779	1	1	1	1	1	1	1	1	1	1	1	1	1	1	1	1	0	0	0	1	1	1	1	1	1	1	1	1	0	0	0	0	0	0	0	0	1	0	0	0	0	0	0
U8	17.25	0	2	2	2	2	0	2	2	2	2	2	2	2	0	2	2	0	0	0	2	2	2	2	2	2	2	2	2	0	0	0	0	0	0	0	0	2	0	0	0	0	0	0
V8	17.73	0	2	0	2	0	0	2	2	2	2	2	2	2	0	2	0	0	2	0	2	2	2	2	2	2	2	2	2	2	2	2	2	0	0	2	0	0	0	2	2	2	0	2
W8	17.22	2	0	0	0	0	2	0	0	0	0	0	0	0	2	0	0	0	0	2	0	0	0	0	0	0	0	0	0	0	0	0	0	0	0	0	0	0	0	0	0	0	0	0
X8	4.578	0	2	1	2	1	0	2	2	2	2	2	2	2	0	2	1	0	1	0	2	2	2	2	2	2	2	2	2	1	1	1	1	0	0	1	1	1	0	1	1	1	0	1
Y8	11.51	1	1	1	1	1	1	1	1	1	1	1	1	1	1	1	1	0	0	0	1	1	1	1	1	1	1	1	1	0	0	0	0	0	0	0	0	1	0	0	0	0	0	0
Z8	4.153	1	1	1	1	1	1	1	1	1	1	1	1	1	1	1	1	0	0	0	1	1	1	1	1	1	1	1	1	0	0	0	0	0	0	0	0	1	0	0	0	0	0	0
A9	2.053	0	2	2	2	2	0	2	2	2	2	2	2	2	0	2	2	0	0	0	2	2	2	2	2	2	2	2	2	0	0	0	0	0	0	0	0	2	0	0	0	0	0	0
B9	25.69	0	2	0	2	0	0	2	2	2	2	2	2	2	0	2	0	0	2	0	2	2	2	2	2	2	2	2	2	2	2	2	2	0	0	2	2	0	0	2	2	2	0	2
C9	2.307	1	1	0	1	0	1	1	1	1	1	1	1	1	1	1	0	0	1	0	1	1	1	1	1	1	1	1	1	1	1	1	1	1	0	1	0	0	0	1	1	1	0	1
D9	7.34	2	0	0	0	0	2	0	0	0	0	0	0	0	2	0	0	0	0	0	0	0	0	0	0	0	0	0	0	0	0	0	0	1	0	0	0	0	0	0	0	0	0	0
E9	3.496	0	2	2	2	2	0	2	2	2	2	2	2	2	0	2	2	0	0	0	2	2	2	2	2	2	2	2	2	0	0	0	0	0	0	0	0	2	0	0	0	0	0	0
F9	4.678	1	1	1	1	1	1	1	1	1	1	1	1	1	1	1	1	0	0	0	1	1	1	NA	1	1	NA	1	1	0	0	0	0	1	0	0	0	1	0	0	0	0	0	0
G9	4.695	2	0	0	0	0	2	0	0	0	0	0	0	0	2	0	0	0	0	0	0	0	0	0	0	0	0	0	0	0	0	0	0	1	0	0	0	0	0	0	0	0	0	0
H9	5.633	2	0	0	0	0	2	0	0	0	0	0	0	0	2	0	0	0	0	0	0	0	0	0	0	0	0	0	0	0	0	0	0	0	0	0	0	0	0	0	0	0	0	0
I9	3.576	1	1	0	1	0	1	1	1	1	1	1	1	1	1	1	0	0	1	0	1	1	1	1	1	1	1	1	1	1	1	1	1	0	0	1	0	0	0	1	1	1	0	1
J9	9.064	1	1	0	1	0	1	1	1	1	1	1	1	1	1	1	0	0	1	0	1	1	1	1	1	1	1	1	1	1	1	1	1	1	0	1	0	0	0	1	1	1	0	1
K9	3.474	0	1	0	1	0	0	1	1	1	1	1	1	1	0	1	0	0	1	0	1	1	1	1	1	1	1	1	1	2	2	2	2	0	0	2	0	0	0	2	2	2	1	2
L9	2.184	2	0	0	0	0	2	0	0	0	0	0	0	0	2	0	0	0	0	0	0	0	0	0	0	0	0	0	0	0	0	0	0	2	0	0	0	0	0	0	0	0	0	0
M9	2.772	1	1	1	1	1	1	1	1	1	1	1	1	1	NA	1	1	0	0	0	1	1	1	1	1	1	1	1	1	0	0	0	0	0	0	0	0	1	0	0	0	0	0	0
N9	1.478	0	2	1	2	1	0	2	2	2	2	2	2	2	0	2	1	0	1	0	2	2	2	2	2	2	2	2	2	1	1	1	1	0	0	1	0	1	0	1	1	1	0	1
O9	7.485	0	2	0	2	0	0	2	2	2	2	2	2	2	0	2	0	0	2	0	2	2	2	2	2	2	2	2	2	2	2	2	2	0	0	2	1	0	0	2	2	2	0	2
P9	7.169	0	1	0	1	0	0	1	1	1	1	1	1	1	0	1	0	0	1	0	1	1	1	1	1	1	1	1	1	1	1	1	1	0	0	1	0	0	0	1	1	1	0	1
Q9	6.524	0	2	1	2	1	0	2	2	2	2	2	2	2	0	2	1	0	1	0	2	2	2	2	2	2	2	2	2	1	1	1	1	0	0	1	0	1	0	1	1	1	0	1
R9	4.797	1	1	0	1	0	1	1	1	1	1	1	1	1	1	1	0	0	1	0	1	1	1	1	1	1	1	1	1	1	1	1	1	1	0	1	0	0	0	1	1	1	0	1
S9	3.471	1	1	0	1	0	1	1	1	1	1	1	1	1	1	1	0	0	1	0	1	1	1	1	1	1	1	1	1	1	1	1	1	0	0	1	0	0	0	1	1	1	0	1
T9	5.779	0	2	2	2	2	0	2	2	2	2	2	2	2	0	2	2	0	0	0	2	2	2	2	2	2	2	2	2	0	0	0	0	0	0	0	0	2	0	0	0	0	0	0
U9	9.136	0	2	2	2	2	0	2	2	2	2	2	2	2	0	2	2	0	0	0	2	2	2	2	2	2	2	2	2	0	0	0	0	0	0	0	0	2	0	0	0	0	0	0
V9	2.241	1	1	0	1	0	1	1	1	1	1	1	1	1	1	1	0	0	1	0	1	1	1	1	1	1	1	1	1	1	1	1	1	1	0	1	1	0	0	1	1	1	0	1
W9	3.682	1	1	0	1	0	1	1	1	1	1	1	1	1	1	1	0	0	1	0	1	1	1	1	1	1	1	1	1	1	1	1	1	0	0	1	0	0	0	1	1	1	0	1
X9	3.471	1	1	0	1	0	1	1	1	1	1	1	1	1	1	1	0	0	1	0	1	1	1	1	1	1	1	1	1	1	1	1	1	0	0	1	0	0	0	1	1	1	0	1
Y9	3.196	0	2	0	2	0	0	2	2	2	2	2	2	2	0	2	0	0	2	0	2	2	NA	2	2	2	2	2	2	2	2	2	2	0	0	2	0	0	0	2	2	2	0	2
Z9	2.373	0	2	0	2	0	0	2	2	2	2	2	2	2	0	2	0	0	2	0	2	2	2	2	2	2	2	2	2	2	2	2	2	0	0	2	1	0	0	2	2	2	0	2
A10	3.559	1	1	0	1	0	1	1	1	1	1	1	1	1	1	1	0	0	1	0	1	1	1	1	1	1	1	1	1	1	1	1	1	1	0	1	1	0	0	1	1	1	0	1
B10	3.882	0	2	1	2	1	0	2	2	2	2	2	2	2	0	2	1	0	1	0	2	NA	2	2	2	2	2	2	2	1	1	1	1	0	0	1	0	1	0	1	1	1	0	1
C10	2.331	0	2	1	2	1	0	2	2	2	2	2	2	2	0	2	1	0	1	0	2	2	2	2	2	2	2	2	2	1	1	1	1	0	0	1	0	1	0	1	1	1	0	1
D10	3.412	0	2	1	2	1	0	2	2	2	2	2	2	2	0	2	1	0	1	0	2	2	2	2	2	2	2	2	2	1	1	1	1	0	0	1	1	1	0	1	1	1	0	1
E10	5.324	0	2	0	2	0	0	2	2	2	2	2	2	2	0	2	0	0	2	0	2	2	2	2	2	2	2	2	2	2	2	2	2	0	0	2	2	0	0	2	2	2	0	2
F10	3.182	0	2	1	2	1	0	2	2	2	2	2	2	2	0	2	1	0	1	0	2	2	2	2	2	2	2	2	2	1	1	1	1	0	0	1	0	1	0	1	1	1	0	1
G10	18.42	2	0	0	0	0	2	0	0	0	0	0	0	0	2	0	0	0	0	0	0	0	0	0	0	0	0	0	0	0	0	0	0	2	0	0	0	0	0	0	0	0	0	0
H10	2.002	1	1	1	1	1	1	1	1	1	1	1	1	1	1	1	1	0	0	0	1	1	1	1	1	1	1	1	1	0	0	0	0	0	0	0	0	1	0	0	0	0	0	0
I10	1.381	0	2	0	2	0	0	2	2	2	2	2	2	2	0	2	0	0	2	0	2	2	2	2	2	2	2	2	2	2	2	2	2	0	0	2	0	0	0	2	2	2	0	2
J10	9.745	2	0	0	0	0	2	0	0	0	0	0	0	0	2	0	0	0	0	0	0	0	0	0	0	0	0	0	0	0	0	0	0	0	0	0	0	0	0	0	0	0	0	0
K10	6.085	1	1	1	1	1	1	1	1	1	1	1	1	1	1	1	1	0	0	0	1	1	1	1	1	1	1	1	1	0	0	0	0	0	0	0	0	1	0	0	0	0	0	0
L10	1.346	1	1	0	1	0	1	1	1	1	1	1	1	1	1	1	0	0	1	0	1	1	1	1	1	1	1	1	1	1	1	1	1	1	0	1	0	0	0	1	1	1	0	1
M10	3.012	0	2	0	2	0	0	2	2	2	2	2	2	2	0	2	0	0	2	0	2	2	2	2	2	2	2	2	2	2	2	2	2	0	0	2	1	0	0	2	2	2	0	2
N10	2.555	1	1	0	1	0	1	1	1	1	1	1	1	1	1	1	0	0	1	0	1	1	1	1	1	1	1	1	1	1	1	1	1	1	0	1	1	0	0	1	1	1	0	1
O10	5.545	0	2	2	2	2	0	2	2	2	2	2	2	2	0	2	2	0	0	0	2	2	2	2	2	2	2	2	2	0	0	0	0	0	0	0	0	NA	0	0	0	0	0	0
P10	3.149	1	1	1	1	1	1	1	1	1	1	1	1	1	1	1	1	0	0	0	1	1	1	1	1	1	1	1	1	0	0	0	0	1	0	0	0	1	0	0	0	0	0	0
Q10	3.261	1	1	1	1	1	1	1	1	1	1	1	1	1	1	1	1	0	0	0	1	1	1	1	1	1	1	1	1	0	0	0	0	1	0	0	0	1	0	0	0	0	0	0
R10	2.337	1	1	0	1	0	1	1	1	1	1	1	1	1	1	1	0	0	1	0	1	1	1	1	1	1	1	1	1	1	1	1	1	0	0	1	1	0	0	1	1	1	0	1
S10	11.55	2	0	0	0	0	2	0	0	0	0	0	0	0	2	0	0	0	0	0	0	0	0	0	0	0	0	0	0	0	0	0	0	0	0	0	0	0	0	0	0	0	0	0
T10	3.079	2	0	0	0	0	2	0	0	0	0	0	0	0	2	0	0	0	0	0	0	0	0	0	0	0	0	0	0	0	0	0	0	0	0	0	0	0	0	0	0	0	0	0
U10	4.089	1	1	1	1	1	1	1	1	1	1	1	1	1	1	1	1	0	0	0	1	1	1	1	1	1	1	1	1	0	0	0	0	0	0	0	0	1	0	0	0	0	0	0
V10	4.381	0	2	0	2	0	0	2	2	2	2	2	2	2	0	2	0	0	2	0	2	2	2	2	2	2	2	2	2	2	2	2	2	0	0	2	1	0	0	2	2	2	0	2
W10	16.41	1	1	1	1	1	1	1	1	1	1	1	1	1	1	1	NA	0	0	0	1	1	1	1	1	1	1	1	1	0	0	0	0	1	0	0	0	1	0	0	0	0	0	0
X10	5.012	0	2	2	2	2	0	2	2	2	2	2	2	2	0	2	2	0	0	0	2	2	2	2	2	2	2	2	2	0	0	0	0	0	0	0	0	2	0	0	0	0	0	0
Y10	3.185	1	1	0	1	0	1	1	1	1	1	1	1	1	1	1	0	0	1	0	1	1	1	1	1	1	1	1	1	1	1	1	1	1	0	1	0	0	0	1	1	1	0	1
Z10	3.681	1	1	0	1	0	1	1	1	1	1	1	1	1	1	1	0	0	1	0	1	1	1	1	1	1	1	1	1	1	1	1	1	1	0	1	0	0	0	1	1	1	0	1
A11	6.95	1	1	0	1	0	1	1	1	1	1	1	1	1	1	1	0	0	1	0	1	1	1	1	1	1	1	1	1	1	1	1	1	0	0	NA	0	0	0	1	1	1	0	1
B11	2.761	2	0	0	0	0	2	0	0	0	0	0	0	0	2	0	0	0	0	0	0	0	0	0	0	0	0	0	0	0	0	0	0	2	0	0	0	0	0	0	0	0	0	0
C11	6.344	0	2	0	2	0	0	2	2	NA	2	2	2	2	0	2	0	0	2	0	2	2	2	2	2	2	2	2	2	2	2	2	2	0	0	2	1	0	0	2	2	2	0	2
D11	2.336	0	2	2	2	2	0	2	2	2	2	2	2	2	0	2	2	0	0	0	2	2	2	2	2	2	2	2	2	0	0	0	0	0	0	0	0	2	0	0	0	0	0	0
E11	1.936	0	2	1	2	1	0	2	2	2	2	2	2	2	0	2	1	0	1	0	2	2	2	2	2	2	2	2	2	1	1	1	1	0	0	1	0	1	0	1	1	1	0	1
F11	7.37	1	1	0	1	0	1	1	1	1	1	1	1	1	1	1	0	0	1	0	1	1	1	1	1	1	1	1	1	1	1	1	1	1	0	1	0	0	0	1	1	1	0	1
G11	25.49	0	2	1	2	1	0	2	2	2	2	2	2	2	0	2	1	0	1	0	2	2	2	2	2	2	2	2	2	1	1	1	1	0	0	1	0	1	0	1	1	1	0	1
H11	2.676	1	1	0	1	0	1	1	1	1	1	1	1	1	1	1	0	0	1	0	1	1	1	1	1	1	1	1	1	1	1	1	1	1	0	1	0	0	0	1	1	1	0	1
I11	2.647	0	2	1	2	1	0	2	2	2	2	2	2	2	0	2	1	0	1	0	2	2	2	2	2	2	2	2	2	1	1	1	1	0	0	1	1	1	0	1	1	1	0	1
J11	5.041	0	2	2	2	2	0	2	2	2	2	2	2	2	0	2	2	0	0	0	2	2	2	2	2	2	2	2	2	0	0	0	0	0	0	0	0	2	0	0	0	0	0	0
K11	3.052	1	1	0	1	0	1	1	1	1	1	1	1	1	1	1	0	0	1	0	1	1	1	1	1	1	1	1	1	1	1	1	1	0	0	1	0	0	0	1	1	1	0	1
L11	3.385	1	1	0	1	0	1	1	1	1	1	1	1	1	1	1	0	0	1	0	1	1	1	1	1	1	1	1	1	1	1	1	1	1	0	1	0	0	0	1	1	1	0	1
M11	3.028	0	2	2	2	2	0	2	2	2	2	2	2	2	0	2	2	0	0	0	2	2	2	2	2	2	2	2	2	0	0	0	0	0	0	0	0	2	0	0	0	0	0	0
N11	2.864	0	1	0	1	0	0	1	1	1	1	1	1	1	0	1	0	0	1	0	1	1	1	1	1	1	1	1	1	1	1	1	1	0	0	1	0	0	0	1	1	1	0	1
O11	4.98	1	1	1	1	1	NA	1	1	1	1	1	1	1	1	1	1	0	0	0	1	1	1	1	1	1	1	1	1	0	0	0	0	1	0	0	0	1	0	0	0	0	0	0
P11	3.217	0	2	0	2	0	0	2	2	2	2	2	2	2	0	2	0	0	2	0	2	2	2	2	2	2	2	2	2	2	2	2	2	0	0	2	0	0	0	2	2	2	0	2
Q11	3.409	2	0	0	0	0	2	0	0	0	0	0	0	0	2	0	0	0	0	0	0	0	0	0	0	0	0	0	0	0	0	0	0	2	0	0	0	0	0	0	0	0	0	0
R11	4.729	2	0	0	0	0	2	0	0	0	0	0	0	0	2	0	0	0	0	0	0	0	0	0	0	0	0	0	0	0	0	0	0	1	0	0	0	0	0	0	0	0	0	0
S11	2.011	1	1	0	1	0	1	1	1	1	1	1	1	1	1	1	0	0	1	0	1	1	1	1	1	1	1	1	1	1	1	1	1	1	0	1	0	0	0	1	1	1	0	1
T11	4.063	0	2	1	2	1	0	2	2	2	2	2	2	2	0	2	1	0	1	0	2	2	2	2	2	2	2	2	2	1	1	1	1	0	0	1	0	1	0	1	1	1	0	1
U11	2.955	1	1	1	1	1	1	1	1	1	1	1	1	1	1	1	1	0	0	0	1	1	1	1	1	1	1	1	1	0	0	0	0	0	0	0	0	1	0	0	0	0	0	0
V11	3.485	1	1	1	1	1	1	1	1	1	1	1	1	1	1	1	1	0	0	0	1	1	1	1	1	1	1	1	1	0	0	0	0	1	0	0	0	1	0	0	0	0	0	0
W11	4.078	1	1	1	1	1	1	1	1	1	1	1	1	1	1	1	1	0	0	0	1	1	1	1	1	1	1	1	1	0	0	0	0	1	0	0	0	1	0	0	0	0	0	0
X11	3.006	1	1	0	1	0	0	1	1	1	1	1	1	1	0	1	0	0	1	0	1	1	1	1	1	1	1	1	1	1	1	1	1	0	0	1	0	0	0	1	1	1	0	1
Y11	3.64	1	1	0	1	0	1	1	1	1	1	1	1	1	1	1	0	0	1	0	1	1	1	1	1	1	1	1	1	1	1	1	1	1	0	1	1	0	0	1	1	1	0	1
Z11	1.445	0	2	NA	2	2	0	2	2	2	2	2	2	2	0	2	2	0	0	0	2	2	2	2	2	2	2	2	2	0	0	0	0	0	0	0	0	2	0	0	0	0	0	0
A12	4.44	1	1	1	1	1	1	1	1	1	1	1	1	1	1	1	1	0	0	0	1	1	1	1	1	1	1	1	1	0	0	0	0	0	0	0	0	1	0	0	0	0	0	0
B12	2.512	0	2	0	2	0	0	2	2	2	2	2	2	2	0	2	0	0	2	0	2	2	2	2	2	2	2	2	2	2	2	2	2	0	0	2	1	0	0	2	2	2	0	2
C12	4.546	0	2	0	2	0	0	2	2	2	2	2	2	2	0	2	0	0	2	0	2	2	2	2	2	2	2	2	2	2	2	2	2	0	0	2	0	0	0	2	2	2	0	2
D12	3.449	0	2	0	2	0	0	2	2	2	2	2	2	2	0	2	0	0	2	0	2	2	2	2	2	2	2	2	2	2	2	2	2	0	0	2	2	0	0	2	2	2	0	2
E12	9.036	0	2	1	2	1	0	2	2	2	2	2	2	2	0	2	1	0	1	0	2	2	2	2	2	2	2	2	2	1	1	1	1	0	0	1	0	1	0	1	1	1	0	1
F12	3.571	1	1	0	1	0	1	1	1	1	1	1	1	1	1	1	0	0	1	0	1	1	1	1	1	1	1	1	1	1	1	1	1	1	0	1	1	0	0	1	1	1	0	1
G12	5.212	0	2	1	2	1	0	2	2	2	2	2	2	2	0	2	1	0	1	0	2	2	2	2	2	2	2	2	2	1	1	1	1	0	0	1	0	1	0	1	1	1	0	1
H12	4.993	0	2	0	2	0	0	2	2	2	2	2	2	2	0	2	0	0	2	0	2	2	2	2	2	2	2	2	2	2	2	2	2	0	0	2	2	0	0	2	2	2	0	2
I12	5.147	1	1	1	1	1	1	1	1	1	1	1	1	1	1	1	1	0	0	0	1	1	1	1	1	1	1	1	1	0	0	0	0	1	0	0	0	1	0	0	0	0	0	0
J12	2.185	0	2	0	2	0	0	2	2	2	2	2	2	2	0	2	0	0	2	0	2	2	2	2	2	2	2	2	2	2	2	2	2	0	0	2	1	0	0	2	2	2	0	2
K12	3.523	1	1	1	1	1	1	1	1	1	1	1	1	1	1	1	1	0	0	0	1	1	1	1	1	1	1	1	1	0	0	0	0	0	0	0	0	1	0	0	0	0	0	0
L12	2.469	0	2	2	2	2	0	2	2	2	2	2	2	2	0	2	2	0	0	0	2	2	2	2	2	2	2	2	2	0	0	0	0	0	0	0	0	2	0	0	0	0	0	0
M12	6.363	2	0	0	0	0	2	0	0	0	0	0	0	0	2	0	0	0	0	0	0	0	0	0	0	0	0	0	0	0	0	0	0	2	0	0	0	0	0	0	0	0	0	0
N12	1.965	1	1	0	1	0	1	1	1	1	1	1	1	1	1	1	0	0	1	0	1	1	1	1	1	1	1	1	1	1	1	1	1	0	0	1	0	0	0	1	1	1	0	1
O12	1.829	0	2	1	2	1	0	2	2	2	2	2	2	2	0	2	1	0	1	0	2	2	2	2	2	2	2	2	2	1	1	1	NA	0	0	1	0	1	0	1	1	1	0	1
P12	2.962	1	1	0	1	0	1	1	1	1	1	1	1	1	1	1	0	0	1	0	1	1	1	1	1	1	1	1	1	1	1	1	1	1	0	1	0	0	0	1	1	1	0	1
Q12	3.362	1	1	0	1	0	1	1	1	1	1	1	1	1	1	1	0	0	1	0	1	1	1	1	1	1	1	1	1	1	1	1	1	1	0	1	0	0	0	1	1	1	0	1
R12	1.875	0	2	1	2	1	0	2	2	2	2	2	2	2	0	2	1	0	1	0	2	2	2	2	2	2	2	2	2	1	1	1	1	0	0	1	0	1	0	1	1	1	0	1
S12	2.792	0	2	1	2	1	0	2	2	2	2	2	2	2	0	2	1	0	1	0	2	2	2	2	2	2	2	2	2	1	1	1	1	0	0	1	1	1	0	1	1	1	0	1
T12	3.542	0	2	1	2	1	0	2	2	2	2	2	2	2	0	2	1	0	1	0	2	2	2	2	2	2	2	2	2	1	1	1	1	0	0	1	0	1	0	1	1	1	0	1
U12	4.517	2	0	0	0	0	2	0	0	0	0	0	0	0	2	0	0	0	0	0	0	0	0	0	0	0	0	0	0	0	0	0	0	1	0	0	0	0	0	0	0	0	0	0
V12	1.785	0	2	2	2	2	0	2	2	2	2	2	2	2	0	2	2	0	0	0	2	2	2	2	2	2	2	2	2	0	0	0	0	0	0	0	0	2	0	0	0	0	0	0
W12	4.28	1	1	0	1	0	1	1	1	1	1	1	1	1	1	1	0	0	1	0	1	1	1	1	1	1	1	1	1	1	1	1	1	1	0	1	1	0	0	1	1	1	0	1
X12	7.867	1	1	0	1	0	1	1	1	1	1	1	1	1	1	1	0	0	1	0	1	1	1	1	1	1	1	1	1	1	1	1	1	1	0	1	0	0	0	1	1	1	0	1
Y12	4.204	1	1	1	1	1	1	1	1	1	1	1	1	1	1	1	1	0	0	0	1	1	1	1	1	1	1	1	1	0	0	0	0	0	0	0	0	1	0	0	0	0	0	0
Z12	5.706	1	1	1	1	1	1	1	1	1	1	1	1	1	1	1	1	0	0	0	1	1	1	1	1	1	1	1	1	0	0	0	0	0	0	0	0	1	0	0	0	0	0	0
A13	2.439	0	2	0	2	0	0	2	2	2	2	2	2	2	0	2	0	0	2	0	2	2	2	2	2	2	2	2	2	2	2	2	2	0	0	2	0	0	0	2	2	2	0	2
B13	4.42	1	1	1	1	0	0	1	1	1	1	1	1	1	0	0	0	2	0	0	0	0	0	0	0	0	0	0	0	0	0	0	0	0	2	0	0	0	0	0	0	0	0	0
C13	5.263	1	1	1	1	0	1	1	1	1	1	1	1	1	1	1	0	0	1	0	1	1	1	1	1	1	1	1	0	1	1	1	1	1	0	1	0	0	0	1	1	1	1	1
D13	2.265	0	2	0	2	0	0	2	2	2	2	2	2	2	0	2	0	0	2	0	2	2	2	2	2	2	2	2	2	2	2	2	2	0	0	2	0	0	0	2	2	2	0	2
E13	3.065	1	1	0	1	0	1	1	1	1	1	1	1	1	1	1	0	0	1	0	1	1	1	1	1	1	1	1	1	1	1	1	1	1	0	1	0	0	0	1	1	1	0	1
F13	7.673	1	1	0	1	0	1	1	1	1	1	1	1	1	1	1	0	0	1	0	1	1	1	1	1	1	1	1	1	1	1	1	1	1	0	1	0	0	0	1	1	1	0	1
G13	6.334	2	0	0	0	0	2	0	0	0	0	0	0	0	2	0	0	0	0	0	0	0	0	0	0	0	0	0	0	0	0	0	0	1	0	0	0	0	0	0	0	0	0	0
H13	4.574	0	2	0	2	0	0	2	2	2	2	2	2	2	0	2	0	0	2	0	1	1	1	1	1	1	1	1	1	1	1	1	1	0	0	1	0	0	0	1	1	1	0	1
I13	5.119	0	2	0	2	0	0	2	2	2	2	2	2	2	0	2	0	0	2	0	2	2	2	2	2	2	2	2	2	2	2	2	2	0	0	2	0	0	0	2	2	2	0	2
J13	4.77	1	1	1	1	1	1	1	1	1	1	1	1	1	1	1	1	0	0	0	1	1	1	1	1	1	1	1	1	0	0	0	0	1	0	0	0	1	0	0	0	0	0	0
K13	3.81	0	2	1	2	1	0	2	2	2	2	2	2	2	0	2	1	0	1	0	2	2	2	2	2	2	2	2	2	1	1	1	1	0	0	1	0	1	0	1	1	1	0	1
L13	4.922	0	2	2	2	2	0	2	2	2	2	2	2	2	0	2	2	0	0	0	2	2	2	2	2	2	2	2	2	0	0	0	0	0	0	0	0	2	0	0	0	0	0	0
M13	3.129	0	2	2	2	0	0	2	2	2	2	2	2	2	0	2	1	0	1	0	2	2	2	2	2	2	2	2	1	1	1	1	1	0	0	1	0	1	1	1	1	1	1	1
N13	2.204	2	0	0	0	0	2	0	0	0	0	0	0	0	2	0	0	0	0	0	0	0	0	0	0	0	0	0	0	0	0	0	0	2	0	0	0	0	0	0	0	0	0	0
O13	14.16	1	1	0	1	0	1	1	1	1	1	1	1	1	1	1	0	0	1	0	1	1	1	1	1	1	1	1	1	1	1	1	1	0	0	1	0	0	0	1	1	1	0	1
P13	3.174	1	NA	1	1	1	1	1	1	1	1	1	1	1	1	1	1	0	0	0	1	1	1	1	1	1	1	1	1	0	0	0	0	1	0	0	0	1	0	0	0	0	0	0
Q13	5.614	2	0	0	0	0	2	0	0	0	0	0	0	0	2	0	0	0	0	0	0	0	0	0	0	0	0	0	0	0	0	0	0	1	0	0	0	0	0	0	0	0	0	0
R13	5.557	1	1	1	1	0	1	1	1	1	1	1	1	1	1	1	1	0	0	0	1	1	1	1	1	1	1	1	1	0	0	0	0	1	0	0	0	1	1	0	0	0	0	0
S13	1.709	0	2	1	2	1	0	2	2	2	2	2	2	2	0	2	1	0	1	0	2	2	2	2	2	2	2	2	2	1	1	1	1	0	0	1	0	1	0	1	1	1	0	1
T13	28.79	1	1	0	1	0	1	1	1	1	1	1	1	1	1	1	0	0	1	0	1	1	1	1	1	1	1	1	1	1	1	1	1	0	0	1	0	0	0	1	1	1	0	1
U13	31.5	1	1	0	1	0	1	1	1	1	1	1	1	1	1	1	0	0	1	0	1	1	1	1	1	1	1	1	1	1	1	1	1	0	0	1	1	0	0	1	1	1	0	1
V13	5.767	0	2	1	2	1	0	2	2	2	2	2	2	2	0	2	1	0	1	0	2	2	2	2	2	2	2	2	2	1	1	1	1	0	0	1	0	1	0	1	1	1	0	1
W13	6.281	1	1	1	1	1	1	1	1	1	1	1	1	1	1	1	1	0	0	0	1	1	1	1	1	1	1	1	1	0	0	0	0	0	0	0	0	1	0	0	0	0	0	0
X13	4.418	0	2	1	2	1	0	2	2	2	2	2	2	2	0	2	1	0	1	0	2	2	2	2	2	2	2	2	2	1	1	1	1	0	0	1	1	1	0	1	1	1	0	1
Y13	5.374	1	1	0	1	0	1	1	1	1	1	1	1	1	1	1	0	0	1	0	1	1	1	1	1	1	1	1	1	1	1	1	1	0	0	1	0	0	0	1	1	1	0	1
Z13	1.153	0	2	1	2	1	0	2	2	2	2	2	2	2	0	2	1	0	1	0	2	2	2	2	2	2	2	2	2	1	1	1	1	0	0	1	0	1	0	1	1	1	0	1
A14	2.247	0	2	2	2	2	0	2	2	2	2	2	2	2	0	2	2	0	0	0	2	2	2	2	2	2	2	2	2	0	0	0	0	0	0	0	0	2	0	0	0	0	0	0
B14	4.412	0	2	2	2	2	0	2	2	2	2	2	2	2	0	2	2	0	0	0	2	2	2	2	2	2	2	2	2	0	0	0	0	0	0	0	0	2	0	0	0	0	0	0
C14	4.103	0	1	0	1	0	0	1	1	1	1	1	1	1	1	1	0	0	1	0	1	1	1	1	1	1	1	1	1	1	1	1	1	0	0	1	0	0	0	1	1	1	0	1
D14	3.332	1	1	0	1	0	1	1	1	1	1	1	1	1	1	1	0	0	1	0	1	1	1	1	1	1	1	1	1	1	1	1	1	0	0	1	1	0	0	1	1	1	0	1
E14	1.852	0	2	0	2	0	0	2	2	2	2	2	2	2	0	2	0	0	2	0	2	2	2	2	2	2	2	2	2	2	2	2	2	0	0	2	1	0	0	2	2	2	0	2
F14	20.1	1	1	0	1	0	1	1	1	1	1	1	1	1	1	1	0	0	1	0	1	1	1	1	1	1	1	1	1	1	1	1	1	0	0	1	1	0	0	1	1	1	0	1
G14	3.378	1	1	0	1	0	1	1	1	1	1	1	1	1	1	1	0	0	1	0	1	1	1	1	1	1	1	1	1	1	1	1	1	1	0	1	0	0	0	1	1	1	0	1
H14	1.261	0	2	1	2	1	0	2	2	2	2	2	2	2	0	2	1	0	1	0	2	2	2	2	2	2	2	2	2	1	1	1	1	0	0	1	0	1	0	1	1	1	0	1
I14	5.128	1	1	1	1	1	1	1	1	1	1	1	1	1	1	1	1	0	0	0	1	1	1	1	1	1	1	1	1	0	0	0	0	1	0	0	0	1	0	0	0	0	0	0
J14	4.113	0	2	1	2	1	0	2	2	2	2	2	2	2	0	2	1	0	1	0	2	2	2	2	2	2	2	2	2	1	1	1	1	0	0	1	0	1	0	1	1	1	0	1
K14	5.554	0	2	0	2	0	0	2	2	2	2	2	2	2	0	2	0	0	2	0	2	2	2	2	2	2	2	2	2	2	2	2	2	0	0	2	0	0	0	2	2	2	0	2
L14	3.791	1	1	0	1	0	1	1	1	1	1	1	1	1	1	1	0	0	1	0	1	1	1	1	1	1	1	1	1	1	1	1	1	0	0	1	0	0	0	1	1	1	0	1
M14	1.503	0	2	1	2	1	0	2	2	2	2	2	2	2	0	2	1	0	1	0	2	2	2	2	2	2	2	2	2	1	1	1	1	0	0	1	1	1	0	1	1	1	0	1
N14	12.87	1	1	0	1	0	1	1	1	1	1	1	1	1	1	1	0	0	1	0	1	1	1	1	1	1	1	1	1	1	1	1	1	0	0	1	0	0	0	1	1	1	0	1
O14	9.222	0	2	2	2	2	0	2	2	2	2	2	2	2	0	2	2	0	0	0	2	2	2	2	2	2	2	2	2	0	0	0	0	0	0	0	0	2	0	0	0	0	0	0
P14	3.357	0	2	1	2	1	0	2	2	2	2	2	2	2	0	2	1	0	1	0	2	2	2	2	2	2	2	2	2	1	1	1	1	0	0	1	0	1	0	1	1	1	0	1
Q14	2.577	1	1	0	1	0	1	1	1	1	1	1	1	1	1	1	0	0	1	0	1	1	1	1	1	1	1	1	1	1	1	1	1	0	0	1	1	0	0	1	1	1	0	1
R14	5.008	1	1	0	1	0	1	1	1	0	1	1	1	1	1	1	0	0	1	0	1	1	1	1	1	1	1	1	1	1	1	1	1	1	0	1	1	0	0	1	1	1	0	1
S14	5.711	1	1	0	1	0	1	1	1	1	1	1	1	1	1	1	0	0	1	0	1	1	1	1	1	1	1	1	1	1	1	1	1	1	0	1	0	0	0	1	1	1	0	1
T14	4.807	1	1	0	1	0	1	1	1	1	1	1	1	1	1	1	0	0	1	0	1	1	1	1	1	1	1	1	1	1	1	1	1	0	0	1	1	0	0	1	1	1	0	1
U14	1.258	0	2	0	2	0	0	2	2	2	2	2	2	2	0	2	0	0	2	0	2	2	2	2	2	2	2	2	2	2	2	2	2	0	0	2	1	0	0	2	2	2	0	2
V14	2.177	0	2	2	2	2	0	2	2	2	2	2	2	2	0	2	2	0	0	0	2	2	2	2	2	2	2	2	2	0	0	0	0	0	0	0	0	2	0	0	0	0	0	0
W14	3.292	1	1	0	1	0	1	1	1	1	1	1	1	1	1	1	0	0	1	0	1	0	0	0	0	0	0	0	0	0	0	0	0	1	0	0	0	0	0	0	0	0	0	0
X14	1.274	1	1	0	1	0	1	1	1	1	1	1	1	1	0	1	0	1	1	0	1	1	1	1	1	1	1	1	1	1	1	1	1	0	1	1	1	0	0	1	1	1	0	1
Y14	3.778	1	1	1	1	1	1	1	1	1	1	1	1	1	1	1	1	0	0	0	1	1	1	1	1	1	1	1	1	0	0	0	0	1	0	0	0	1	0	0	0	0	0	0
Z14	3.319	0	2	1	2	1	0	2	2	2	2	2	2	2	0	2	1	0	1	0	2	2	2	2	2	2	2	2	2	1	1	1	1	0	0	1	0	1	0	1	1	1	0	1
A15	3.171	0	2	2	2	0	0	2	2	2	2	2	2	2	0	1	0	1	1	0	1	1	1	1	1	1	1	1	1	1	1	1	1	0	1	1	0	0	0	1	1	1	1	1
B15	26.07	2	0	0	0	0	2	0	0	0	0	0	0	0	2	0	0	0	0	0	0	0	0	0	0	0	0	0	0	0	0	0	0	0	0	0	0	0	0	0	0	0	0	0
C15	3.931	0	2	0	2	0	0	2	2	2	2	2	2	2	0	2	0	0	2	0	2	2	2	2	2	2	2	2	2	2	2	2	2	0	0	2	1	0	0	2	2	2	0	2
D15	6.318	2	0	0	0	0	2	0	0	0	0	0	0	0	2	0	0	0	0	0	0	0	0	0	0	0	0	0	0	0	0	0	0	1	0	0	0	0	0	0	0	0	0	0
E15	17.61	0	2	1	2	1	0	2	2	2	2	2	2	2	0	2	1	0	1	0	2	2	2	2	2	2	2	2	2	1	1	1	1	0	0	1	1	1	0	1	1	1	0	1
F15	7.711	1	1	0	1	0	1	1	1	1	1	1	1	1	1	1	0	0	1	0	1	1	1	1	1	1	1	1	1	1	1	1	1	1	0	1	1	0	0	1	1	1	0	1
G15	4.645	1	1	0	1	0	1	1	1	1	1	1	1	1	1	1	0	0	1	0	1	1	1	1	1	1	1	1	1	1	1	1	1	1	0	1	0	0	0	1	1	1	0	1
H15	3.994	1	1	0	1	0	1	1	1	1	1	1	1	1	1	1	0	0	1	0	1	1	1	1	1	1	1	1	1	1	1	1	1	1	0	1	1	0	0	1	1	1	0	1
I15	3.223	1	1	0	1	0	1	1	1	1	1	1	1	1	1	1	0	0	1	0	1	1	1	1	1	1	1	1	1	1	1	1	1	1	0	1	0	0	0	1	1	1	0	1
J15	4.642	1	1	1	1	0	1	1	1	1	1	1	1	1	1	1	1	0	0	0	1	1	1	1	1	1	1	1	1	0	0	0	0	1	0	0	0	1	1	0	0	0	0	0
K15	12.65	1	1	0	1	0	1	1	1	1	1	1	1	1	1	1	0	0	1	0	1	1	1	1	1	1	1	1	1	1	1	1	1	0	0	1	0	0	0	1	1	1	0	1
L15	44.36	2	0	0	0	0	2	0	0	0	0	0	0	0	2	0	0	0	0	0	0	0	0	0	0	0	0	0	0	0	0	0	0	1	0	0	0	0	0	0	0	0	0	0
M15	5.971	0	2	0	2	0	0	2	2	2	2	2	2	2	0	2	0	0	2	0	2	2	2	2	2	2	2	2	2	2	2	2	2	0	0	2	1	0	0	2	2	2	0	2
N15	8.546	1	1	0	1	0	1	1	1	1	1	1	1	1	1	1	0	0	1	0	1	1	1	1	1	1	1	1	1	1	1	1	1	1	0	1	1	0	0	1	1	1	0	1
O15	7.143	2	0	0	0	0	2	0	0	0	0	0	0	0	2	0	0	0	0	0	0	0	0	0	0	0	0	0	0	0	0	0	0	0	0	0	0	0	0	0	0	0	0	0
P15	4.55	1	1	1	1	1	1	1	1	1	1	1	1	1	1	1	1	0	0	0	1	1	1	1	1	1	1	1	1	0	0	0	0	1	0	0	0	1	0	0	0	0	0	0
Q15	2.222	0	2	1	2	1	0	2	2	2	2	2	2	2	0	2	1	0	1	0	2	2	2	2	2	2	2	2	2	1	1	1	1	0	0	1	0	1	0	1	1	1	0	1
R15	2.712	1	1	1	1	1	1	1	1	1	1	1	1	1	1	1	1	0	0	0	1	1	1	1	1	1	1	1	1	0	0	0	0	1	0	0	0	1	0	0	0	0	0	0
S15	1.909	0	2	0	2	0	0	2	2	2	2	2	2	2	0	2	0	0	2	0	2	2	2	2	2	2	2	2	2	2	2	2	2	0	0	2	0	0	0	2	2	2	0	2
T15	6.597	1	1	0	1	0	1	1	1	1	1	1	1	1	1	1	0	0	1	0	1	1	1	1	1	1	1	1	1	1	1	1	1	1	0	1	0	0	0	1	1	1	0	1
U15	7.824	0	2	1	2	1	0	2	2	2	2	2	2	2	0	2	1	0	1	0	2	2	2	2	2	2	2	2	2	1	1	1	1	0	0	1	0	1	0	1	1	1	0	1
V15	2.481	0	2	1	2	1	0	2	2	2	2	2	2	2	0	2	1	0	1	0	2	2	2	2	2	2	2	2	2	1	1	1	1	0	0	1	1	1	0	1	1	1	0	1
W15	5.511	1	1	0	1	0	1	1	1	1	1	1	1	1	1	1	0	0	0	0	1	1	1	1	1	1	1	1	1	0	0	0	0	1	0	0	0	1	0	0	0	0	0	0
X15	12.52	0	2	1	2	1	0	2	2	2	2	2	2	2	0	2	1	0	1	0	2	2	2	2	2	2	2	2	2	1	1	1	1	0	0	1	0	1	0	1	1	1	0	1
Y15	1.486	0	2	2	2	2	0	2	2	2	2	2	2	2	0	2	2	0	0	0	2	2	2	2	2	2	2	2	2	0	0	0	0	0	0	0	0	2	0	0	0	0	0	0
Z15	8.274	1	1	0	1	0	1	1	1	1	1	1	1	1	1	1	0	0	1	0	1	1	1	1	1	1	1	1	1	1	1	1	1	1	0	1	0	0	0	1	1	1	0	1
A16	6.169	0	2	1	2	1	0	2	2	2	2	2	2	2	0	2	1	0	1	0	2	2	2	2	2	2	2	2	2	1	1	1	1	0	0	1	1	1	0	1	1	1	0	1
B16	1.896	0	1	0	1	0	0	1	1	1	1	1	1	1	1	1	0	0	1	0	1	1	1	1	1	1	1	1	1	1	1	1	1	0	0	1	0	0	0	1	1	1	0	1
C16	5.335	2	0	0	0	0	2	0	0	0	0	0	0	0	2	0	0	0	0	0	0	0	0	0	0	0	0	0	0	0	0	0	0	1	0	0	0	0	0	0	0	0	0	0
D16	22.41	0	2	0	2	0	0	2	2	2	2	2	2	2	0	2	0	0	2	0	2	2	2	2	2	2	2	2	2	2	2	2	2	0	0	2	1	0	0	2	2	2	0	2
E16	4.252	2	0	0	0	0	2	0	0	0	0	0	0	0	2	0	0	0	0	0	0	0	0	0	0	0	0	0	0	0	0	0	0	1	0	0	0	0	0	0	0	0	0	0
F16	2.429	1	1	0	1	0	1	1	1	1	1	1	1	1	1	1	0	0	1	0	1	1	1	1	1	1	1	1	1	1	1	1	1	1	0	1	0	0	0	1	1	1	0	1
G16	4.459	2	0	0	0	0	2	0	0	0	0	0	0	0	2	0	0	0	0	0	0	0	0	0	0	0	0	0	0	0	0	0	0	1	0	0	0	0	0	0	0	0	0	0
H16	4.101	1	1	1	1	1	1	1	1	1	1	1	1	1	1	1	1	0	0	0	1	1	1	1	1	1	1	1	1	0	0	0	0	1	0	0	0	1	0	0	0	0	0	0
I16	3.432	0	2	0	2	0	0	2	2	2	2	2	2	2	0	1	0	1	1	0	1	1	1	1	1	1	1	1	1	1	1	1	1	0	1	1	0	0	0	1	1	1	0	1
J16	6.526	1	1	0	1	0	1	1	1	1	1	1	1	1	1	1	0	0	1	0	1	1	1	1	1	1	1	1	1	1	1	1	1	0	0	1	0	0	0	1	1	1	0	1
K16	4.903	1	1	0	1	0	1	1	1	1	1	1	1	1	1	1	0	0	1	0	1	1	1	1	1	1	1	1	1	1	1	1	1	0	0	1	1	0	0	1	1	1	0	1
L16	1.548	0	2	2	2	2	0	2	2	2	2	2	2	2	0	2	2	0	0	0	2	2	2	2	2	2	2	2	2	0	0	0	0	0	0	0	0	2	0	0	0	0	0	0
M16	3.562	1	1	0	1	0	1	1	1	1	1	1	1	1	1	1	0	0	1	0	1	1	1	1	1	1	1	1	1	1	1	1	1	0	0	1	0	0	0	1	1	1	0	1
N16	1.775	0	2	0	2	0	0	2	2	2	2	2	2	2	0	2	0	0	2	0	2	2	2	2	2	2	2	2	2	2	2	2	2	0	0	2	0	0	0	2	2	2	0	2
O16	0.6069	0	2	1	2	1	0	2	2	2	2	2	2	2	0	2	1	0	1	0	2	2	2	2	2	2	2	2	2	1	1	1	1	0	0	1	0	1	0	1	1	1	0	1
P16	3.853	1	1	0	1	0	1	1	1	1	1	1	1	1	1	1	0	0	1	0	1	1	1	1	1	1	1	1	1	1	1	1	1	0	0	1	0	0	0	1	1	1	0	1
Q16	6.655	1	1	1	1	0	1	1	1	1	1	1	1	1	1	1	0	0	1	0	1	1	1	1	1	1	1	1	1	1	1	1	1	0	0	1	0	0	0	1	1	1	1	1
R16	8.456	1	1	1	1	1	1	1	1	1	1	1	1	1	1	1	1	0	0	0	1	1	1	1	1	1	1	1	1	0	0	0	0	1	0	0	0	1	0	0	0	0	0	0
S16	6	1	1	1	1	1	1	1	1	1	1	1	1	1	1	1	1	0	0	0	1	1	1	1	1	1	1	1	1	0	0	0	0	0	0	0	0	1	0	0	0	0	0	0
T16	5.603	1	1	0	1	0	1	1	1	1	1	1	1	1	1	1	0	0	1	0	1	1	1	1	1	1	1	1	1	1	1	1	1	1	0	1	0	0	0	1	1	1	0	1
U16	3.301	1	1	1	1	1	1	1	1	1	1	1	1	1	1	1	1	0	0	0	1	1	1	1	1	1	1	1	1	0	0	0	0	1	0	0	0	1	0	0	0	0	0	0
V16	6.321	1	1	0	1	0	1	1	1	1	1	1	1	1	1	1	0	0	1	0	1	1	1	1	1	1	1	1	1	1	1	1	1	0	0	1	1	0	0	1	1	1	0	1
W16	8.181	1	1	1	1	1	1	1	1	1	1	1	1	1	1	1	1	0	0	0	1	1	1	1	1	1	1	1	1	0	0	0	0	1	0	0	0	1	0	0	0	0	0	0
X16	8.206	2	0	0	0	0	2	0	0	0	0	0	0	0	2	0	0	0	0	0	0	0	0	0	0	0	0	0	0	0	0	0	0	2	0	0	0	0	0	0	0	0	0	0
Y16	4.488	2	0	0	0	0	2	0	0	0	0	0	0	0	2	0	0	0	0	0	0	0	0	0	0	0	0	0	0	0	0	0	0	0	0	0	0	0	0	0	0	0	0	0
Z16	8.958	1	0	0	0	0	1	0	0	0	0	0	0	0	1	0	0	0	0	1	0	0	0	0	0	0	0	0	0	1	1	1	1	0	0	1	0	0	0	1	1	1	1	1
A17	10.59	1	1	0	1	0	1	1	1	1	1	1	1	1	1	1	0	0	1	0	1	1	1	1	1	1	1	1	1	1	1	1	1	0	0	1	1	0	0	1	1	1	0	1
B17	5.333	1	1	1	1	1	1	1	1	1	1	1	1	1	1	1	1	0	0	0	1	1	1	1	1	1	1	1	1	0	0	0	0	1	0	0	0	1	0	0	0	0	0	0
C17	3.272	0	2	1	2	1	0	2	2	2	2	2	2	2	0	2	1	0	1	0	2	2	2	2	2	2	2	2	2	1	1	1	1	0	0	1	1	1	0	1	1	1	0	1
D17	2.6	0	2	2	2	2	0	2	2	2	2	2	2	2	0	2	2	0	0	0	2	2	2	2	2	2	2	2	2	0	0	0	0	0	0	0	0	2	0	0	0	0	0	0
E17	6.684	1	1	0	1	0	1	1	1	1	1	1	1	1	1	1	0	0	1	0	1	1	1	1	1	1	1	1	1	1	1	1	1	1	0	1	1	0	0	1	1	1	0	1
F17	4.368	1	1	1	1	1	1	1	1	1	1	1	1	1	1	1	1	0	0	0	1	1	1	1	1	1	1	1	1	0	0	0	0	1	0	0	0	1	0	0	0	0	0	0
G17	3.362	2	0	0	0	0	2	0	0	0	0	0	0	0	2	0	0	0	0	0	0	0	0	0	0	0	0	0	0	0	0	0	0	1	0	0	0	0	0	0	0	0	0	0
H17	6.788	1	1	0	1	0	1	1	1	1	1	1	1	1	1	1	0	0	1	0	1	1	1	1	1	1	1	1	1	1	1	1	1	0	0	1	0	0	0	1	1	1	0	1
I17	2.35	0	2	0	2	0	0	2	2	2	2	2	2	2	0	2	0	0	2	0	2	2	2	2	2	2	2	2	2	2	2	2	2	0	0	2	0	0	0	2	2	2	0	2
J17	4.607	1	1	1	1	1	1	1	1	1	1	1	1	1	1	1	1	0	0	0	1	1	1	1	1	1	1	1	1	0	0	0	0	0	0	0	0	1	0	0	0	0	0	0
K17	1.283	0	2	0	2	0	0	2	2	2	2	2	2	2	0	2	0	0	2	0	2	2	2	2	2	2	2	2	2	2	2	2	2	0	0	2	1	0	0	2	2	2	0	2
L17	2.515	2	0	0	0	0	2	0	0	0	0	0	0	0	NA	0	0	0	0	0	0	0	NA	0	0	0	0	0	0	0	0	0	0	1	0	0	0	0	0	0	0	0	0	0
M17	2.916	0	2	1	2	1	0	2	2	2	2	2	2	2	0	2	1	0	1	0	2	2	2	2	2	2	2	2	2	1	1	1	1	0	0	1	1	1	0	1	1	1	0	1
N17	5.68	0	2	2	2	2	0	2	2	2	2	2	2	2	0	2	2	0	0	0	2	2	2	2	2	2	2	2	2	0	0	0	0	0	0	0	0	2	0	0	0	0	0	0
O17	1.975	0	2	1	2	1	0	2	2	2	2	2	2	2	0	2	1	0	1	0	2	2	2	2	2	2	2	2	2	1	1	1	1	0	0	1	0	1	0	1	1	1	0	1
P17	26.16	0	2	1	2	1	0	2	2	2	2	2	2	2	0	2	1	0	1	0	2	2	2	2	2	2	2	2	2	1	1	1	1	0	0	1	0	1	0	1	1	1	0	1
Q17	9.294	1	1	0	1	0	1	1	1	1	1	1	1	1	1	1	0	0	1	0	1	1	1	1	1	1	1	1	1	1	1	1	1	1	0	1	1	0	0	1	1	1	0	1
R17	3.53	2	0	0	0	0	2	0	0	0	0	0	0	0	2	0	0	0	0	0	0	0	0	0	0	0	0	0	0	0	0	0	0	1	0	0	0	0	0	0	0	0	0	0
S17	1.818	0	2	1	2	1	0	2	2	2	2	2	2	2	0	2	1	0	1	0	2	2	2	2	2	2	2	2	2	1	1	1	1	0	0	1	0	1	0	1	1	1	0	1
T17	1.93	0	2	0	2	0	0	2	2	2	2	2	2	2	0	2	0	0	2	0	2	2	2	2	2	2	2	2	2	2	2	2	2	0	0	2	1	0	0	2	2	2	0	2
U17	3.074	0	2	1	2	1	0	2	2	2	2	2	2	2	0	2	1	0	1	0	2	2	2	2	2	2	2	2	2	1	1	1	1	0	0	1	1	1	0	1	1	1	0	1
V17	4.62	1	1	1	1	1	1	1	1	1	1	1	1	1	1	1	1	0	0	0	1	1	1	1	1	1	1	1	1	0	0	0	0	0	0	0	0	1	0	0	0	0	0	0
W17	2.832	0	2	1	2	0	0	2	2	2	2	2	2	2	0	2	1	0	1	0	2	2	2	2	2	2	2	2	2	1	1	1	1	0	0	1	0	1	1	1	1	1	0	1
X17	12.22	1	1	0	1	0	1	1	1	1	1	1	1	1	1	1	0	0	1	0	1	1	1	1	1	1	1	1	1	1	1	1	1	0	0	1	0	0	0	1	1	1	0	1
Y17	2.418	1	1	1	1	1	1	1	1	1	1	1	1	1	1	1	1	0	0	0	1	1	1	1	1	1	1	1	1	0	0	0	0	0	0	0	0	1	0	0	0	0	0	0
Z17	2.075	1	1	0	1	0	1	1	1	1	1	1	1	1	1	1	0	0	1	0	1	1	1	1	1	1	1	1	1	1	1	1	1	1	0	1	0	0	0	1	1	1	0	1
A18	6.344	2	0	0	0	0	2	0	0	0	0	0	0	0	2	0	0	0	0	0	0	0	0	0	0	0	0	0	0	0	0	0	0	2	0	0	0	0	0	0	0	0	0	0
B18	1.148	0	2	0	2	0	0	2	2	2	2	2	2	2	0	2	0	0	2	0	2	2	2	2	2	2	2	2	2	2	2	2	2	0	0	2	0	0	0	2	2	2	0	2
C18	4.273	1	1	0	1	0	1	1	1	1	1	1	1	1	1	1	0	0	1	0	1	1	1	1	1	1	1	1	1	1	1	1	1	0	0	1	1	0	0	1	1	1	0	1
D18	4.48	1	1	0	1	0	0	1	1	1	1	1	1	1	0	1	0	1	1	0	1	1	1	1	1	1	1	1	1	1	1	1	1	0	1	1	0	0	0	1	1	1	0	1
E18	4.533	0	2	0	2	0	0	2	2	2	2	2	2	2	0	2	0	0	2	0	2	2	2	2	2	2	2	2	2	2	2	2	2	0	0	2	1	0	0	2	2	2	0	2
F18	4.284	0	1	1	1	1	0	1	1	1	1	1	1	1	0	1	1	0	0	0	1	1	1	1	1	1	1	1	1	1	1	1	1	0	0	1	0	1	0	1	1	1	1	1
G18	2.388	0	2	1	2	1	0	2	2	2	2	2	2	2	0	2	1	0	1	0	2	2	2	2	2	2	2	2	2	1	1	1	1	0	0	1	1	1	0	1	1	1	0	1
H18	11.24	1	1	0	1	0	1	1	1	1	1	1	1	1	1	1	0	0	1	0	1	1	1	1	1	1	1	1	1	1	1	1	1	1	0	1	1	0	0	1	1	1	0	1
I18	2.867	0	2	1	2	1	0	2	2	2	2	2	2	2	0	2	1	0	1	0	2	2	2	2	2	2	2	2	2	1	1	1	1	0	0	1	0	1	0	1	1	1	0	1
J18	6.352	1	1	1	1	1	1	1	1	1	1	1	1	1	1	1	1	0	0	0	1	1	1	1	1	1	1	1	1	0	0	0	0	0	0	0	0	1	0	0	0	0	0	0
K18	3.837	0	2	2	2	0	0	2	2	2	2	2	2	2	0	2	2	0	0	0	2	2	2	2	2	2	2	2	2	0	0	0	0	0	0	0	0	2	2	0	0	0	0	0
L18	4.329	2	0	0	0	0	2	0	0	0	0	0	0	0	2	0	0	0	0	0	0	0	0	0	0	0	0	0	0	0	0	0	0	1	0	0	0	0	0	0	0	0	0	0
M18	5.47	1	1	1	1	1	1	1	1	1	1	1	1	1	1	1	1	0	0	0	1	1	1	1	1	1	1	1	1	0	0	0	0	0	0	0	0	1	0	0	0	0	0	0
N18	3.197	0	2	2	2	2	0	2	2	2	2	2	2	2	0	2	2	0	0	0	2	2	2	2	2	2	2	2	2	0	0	0	0	0	0	0	0	2	0	0	0	0	0	0
O18	4.899	2	0	0	0	0	2	0	0	0	0	0	0	0	2	0	0	0	0	0	0	0	0	0	0	0	0	0	0	0	0	0	0	2	0	0	0	0	0	0	0	0	0	0
P18	0.6038	0	2	2	2	2	0	2	2	2	2	2	2	2	0	2	2	0	0	0	2	2	2	2	2	2	2	2	2	0	0	0	0	0	0	0	0	2	0	0	0	0	0	0
Q18	1.902	0	2	0	2	0	0	2	2	2	2	2	2	2	0	2	0	0	2	0	2	2	2	2	2	2	2	2	2	2	2	2	2	0	0	2	1	0	0	2	2	2	0	2
R18	3.704	1	1	0	1	0	1	1	1	1	1	1	1	1	1	1	NA	0	1	0	1	1	1	1	1	1	1	1	1	1	1	1	1	1	0	1	0	0	0	1	1	1	0	1
S18	23.5	2	0	0	0	0	2	0	0	0	0	0	0	0	2	0	0	0	0	0	0	0	0	0	0	0	0	0	0	0	0	0	0	2	0	0	0	0	0	0	0	0	0	0
T18	6.411	1	1	0	1	0	1	1	1	1	1	1	1	1	1	1	0	0	1	0	1	1	1	1	1	1	1	1	1	1	1	1	1	0	0	1	0	0	0	1	1	1	0	1
U18	12.49	2	0	0	0	0	2	0	0	0	0	0	0	0	2	0	0	0	0	0	0	0	0	0	0	0	0	0	0	0	0	0	0	2	0	0	0	0	0	0	0	0	0	0
V18	3.301	0	2	1	2	1	0	2	2	2	2	2	2	2	0	2	1	0	1	0	2	2	2	2	2	2	2	2	2	1	1	1	1	0	0	1	0	1	0	1	1	1	0	1
W18	7.454	1	1	0	1	0	1	1	1	1	1	1	1	1	1	1	0	0	1	0	1	1	1	1	1	1	1	1	1	1	1	1	1	1	0	1	0	0	0	1	1	1	0	1
X18	1.422	0	2	2	2	0	0	2	2	2	2	2	1	1	0	1	1	1	0	0	1	1	1	1	1	1	1	1	1	0	0	0	0	0	1	0	0	1	1	0	0	0	0	0
Y18	2.825	0	2	2	2	2	0	2	2	2	2	2	2	2	0	2	2	0	0	0	2	2	2	2	2	2	2	2	2	0	0	0	0	0	0	0	0	2	0	0	0	0	0	0
Z18	4.079	0	2	0	2	0	0	2	2	2	2	2	2	2	0	2	0	0	2	0	2	2	2	2	2	2	2	2	2	2	2	2	2	0	0	2	0	0	0	2	2	2	0	2
A19	3.136	0	2	0	2	0	0	2	2	2	2	2	2	2	0	2	0	0	2	0	2	2	2	2	2	2	2	2	2	2	2	2	2	0	0	2	0	0	0	2	2	2	0	2
B19	3.959	0	2	1	2	1	0	2	2	2	2	2	2	2	0	2	1	0	1	0	2	2	2	2	2	2	2	2	2	1	1	1	1	0	0	1	0	1	0	1	1	1	0	1
C19	5.918	0	2	0	2	0	0	2	2	2	2	2	2	2	0	2	0	0	2	0	2	2	2	2	2	2	2	2	2	2	2	2	2	0	0	2	0	0	0	2	2	2	0	2
D19	3.392	1	1	1	1	0	0	1	1	1	1	1	1	1	0	1	0	1	1	0	1	1	1	1	1	1	1	1	0	1	1	1	1	0	1	1	0	0	0	1	1	1	1	1
E19	4.319	0	2	0	2	0	0	2	2	2	2	2	2	2	0	2	0	0	2	0	2	2	2	2	2	2	2	2	2	2	2	2	2	0	0	2	2	0	0	2	2	2	0	2
F19	11.23	0	2	0	2	0	0	2	2	2	2	2	2	2	0	2	0	0	2	0	2	2	2	2	2	2	2	2	2	2	2	2	2	0	0	2	2	0	0	2	2	2	0	2
G19	4.465	1	1	0	1	0	1	1	1	1	1	1	1	1	1	1	0	0	1	1	1	1	1	1	1	1	1	1	1	1	1	1	1	0	0	1	0	0	0	1	1	1	0	1
H19	19.16	0	2	0	2	0	0	2	2	2	2	2	2	2	0	2	0	0	2	0	2	2	2	2	2	2	2	2	2	2	2	2	2	0	0	2	1	0	0	2	2	2	0	2
I19	5.739	1	1	1	1	1	1	1	1	1	1	1	1	1	1	1	1	0	0	0	1	1	1	1	1	1	1	1	1	0	0	0	0	0	0	0	0	1	0	0	0	0	0	0
J19	10.33	2	0	0	0	0	2	0	0	0	0	0	0	0	2	0	0	0	0	0	0	0	0	0	0	0	0	0	0	0	0	0	0	1	0	0	0	0	0	0	0	0	0	0
K19	4.976	1	1	1	1	1	1	1	1	1	1	1	1	1	1	1	1	0	0	0	1	1	1	1	1	1	1	1	1	0	0	0	0	1	0	0	0	1	0	0	0	0	0	0
L19	2.94	1	1	1	1	1	1	1	1	1	1	1	1	1	1	1	1	0	0	0	1	1	1	1	1	1	1	1	1	0	0	0	0	1	0	0	0	1	0	0	0	0	0	0
M19	4.782	0	2	2	2	2	0	2	2	2	2	2	2	2	0	2	2	0	0	0	2	2	2	2	2	2	2	2	2	0	0	0	0	0	0	0	0	2	0	0	0	0	0	0
N19	5.856	1	1	0	1	0	1	1	1	1	1	1	1	1	1	1	0	0	1	0	1	1	1	1	1	1	1	1	1	1	1	1	1	0	0	1	0	0	0	1	1	1	0	1
O19	0.8357	0	2	2	2	2	0	2	2	2	2	2	2	2	0	2	2	0	0	0	2	2	2	2	2	2	2	2	2	0	0	0	0	0	0	0	0	2	0	0	0	0	0	0
P19	1.989	0	2	0	2	0	0	2	2	2	2	2	2	2	0	2	0	0	2	0	2	2	2	2	2	2	2	2	2	2	2	2	2	0	0	2	0	0	0	2	2	2	0	2
Q19	5.742	1	1	0	1	0	1	1	1	1	1	1	1	1	1	1	0	0	1	0	1	1	1	1	1	1	1	1	1	1	1	1	1	0	0	1	0	0	0	1	1	1	0	1
R19	9.954	1	1	0	1	0	1	1	1	1	1	1	1	1	1	1	0	0	1	0	1	1	1	1	1	1	1	1	1	1	1	1	1	0	0	1	0	0	0	1	1	1	0	1
S19	5.51	1	1	0	1	0	1	1	1	1	1	1	1	1	1	1	0	0	1	0	1	1	1	1	1	1	1	1	1	1	1	1	1	0	0	1	0	0	0	1	1	1	0	1
T19	3.588	1	1	1	1	1	1	1	1	1	1	1	1	1	1	1	1	0	0	0	1	1	1	1	1	1	1	1	1	0	0	0	0	0	0	0	0	1	0	0	0	0	0	0
U19	2.642	1	1	1	1	1	1	1	1	1	1	1	1	1	1	1	1	0	0	0	1	1	1	1	1	1	1	1	1	0	0	0	0	0	0	0	0	1	0	0	0	0	0	0
V19	6.208	1	1	0	1	0	0	1	1	1	1	1	1	1	0	1	0	1	1	0	1	1	1	1	1	1	1	1	1	1	1	1	1	0	1	1	0	0	0	1	1	1	0	1
W19	4.534	0	2	1	2	1	0	2	2	2	2	2	2	2	0	2	1	0	1	0	2	2	2	2	2	2	2	2	2	1	1	1	1	0	0	1	1	1	0	1	1	1	0	1
X19	2.983	1	1	1	1	1	1	1	1	1	1	1	1	1	1	1	1	0	0	0	1	1	1	1	1	1	1	1	1	0	0	0	0	0	0	0	0	1	0	0	0	0	0	0
Y19	7.086	1	1	0	1	0	1	1	1	1	1	1	1	1	1	1	0	0	1	0	1	1	1	1	1	1	1	1	1	1	1	1	1	1	0	1	1	0	0	1	1	1	0	1
Z19	7.948	1	1	0	1	0	1	1	1	1	1	1	1	1	1	1	0	0	1	0	1	1	1	1	1	1	1	1	1	1	1	1	1	1	0	1	0	0	0	1	1	1	0	1
A20	12.89	0	2	2	2	2	0	2	2	2	2	2	2	2	0	2	2	0	0	0	2	2	2	2	2	2	2	2	2	0	0	0	0	0	0	0	0	2	0	0	0	0	0	0
B20	2.206	1	1	1	1	1	1	1	1	1	1	1	1	1	1	1	1	0	0	0	1	1	1	1	1	1	1	1	1	0	0	0	0	1	0	0	0	1	0	0	0	0	0	0
C20	4.041	1	1	1	1	1	1	1	1	1	1	1	1	1	1	1	1	0	0	0	1	1	1	1	1	1	1	1	1	0	0	0	0	1	0	0	0	1	0	0	0	0	0	0
D20	2.364	0	2	0	2	0	0	2	2	2	2	2	2	2	0	2	0	0	2	0	2	2	2	2	2	2	2	2	2	2	2	2	2	0	0	2	0	0	0	2	2	2	0	2
E20	4.234	2	0	0	0	0	2	0	0	0	0	0	0	0	2	0	0	0	0	0	0	0	0	0	0	0	0	0	0	0	0	0	0	2	0	0	0	0	0	0	0	0	0	0
F20	5.207	1	1	0	1	0	1	1	1	1	1	1	1	1	1	1	0	0	1	0	1	1	1	1	1	1	1	1	1	1	1	1	1	0	0	1	1	0	0	1	1	1	0	1
G20	10.4	2	0	0	0	0	2	0	0	0	0	0	0	0	2	0	0	0	0	0	0	0	0	0	0	0	0	0	0	0	0	0	0	2	0	0	0	0	0	0	0	0	0	0
H20	3.714	1	1	0	1	0	1	1	1	1	1	1	1	1	1	1	0	0	1	0	1	1	1	1	1	1	1	1	1	1	1	1	1	1	0	1	1	0	0	1	1	1	0	1
I20	2.887	1	1	1	1	0	1	1	1	1	1	1	1	1	1	1	1	0	0	0	1	1	1	1	1	1	1	1	1	0	0	0	0	0	0	0	0	1	1	0	0	0	0	0
J20	5.352	2	0	0	0	0	2	0	0	0	0	0	0	0	2	0	0	0	0	0	0	0	0	0	0	0	0	0	0	0	0	0	0	1	0	0	0	0	0	0	0	0	0	0
K20	3.339	2	0	0	0	0	2	0	0	0	0	0	0	0	2	0	0	0	0	0	0	0	0	0	0	0	0	0	0	0	0	0	0	0	0	0	0	0	0	0	0	0	0	0
L20	1.964	0	2	1	2	1	0	2	2	2	2	2	2	2	0	2	1	0	1	0	2	2	2	2	2	2	2	2	2	1	1	1	1	0	0	1	1	1	0	1	1	1	0	1
M20	4.229	0	2	1	2	1	0	2	2	2	2	2	2	2	0	2	1	0	1	0	2	2	2	2	2	2	2	2	2	1	1	1	1	0	0	1	1	1	0	1	1	1	0	1
N20	2.265	0	2	0	2	0	0	2	2	2	2	2	2	2	0	2	0	0	2	0	2	2	2	2	2	2	2	2	2	2	2	2	2	0	0	2	0	0	0	2	2	2	0	2
O20	2.495	2	0	0	0	0	2	0	0	0	0	0	0	0	2	0	0	0	0	0	0	0	0	0	0	0	0	0	0	0	0	0	0	0	0	0	0	0	0	0	0	0	0	0
P20	6.9	1	1	0	1	0	1	1	1	1	1	1	1	1	1	1	0	0	1	0	1	1	1	1	1	1	1	1	1	1	1	1	1	1	0	1	1	0	0	1	1	1	0	1
Q20	2.807	0	2	2	2	2	0	2	2	2	2	2	2	2	0	2	2	0	0	0	2	2	2	2	2	2	2	2	2	0	0	0	0	0	0	0	0	2	0	0	0	0	0	0
R20	3.744	1	1	0	1	0	1	1	1	1	1	1	1	1	1	1	0	0	1	1	1	1	1	1	1	1	1	1	1	1	1	1	1	0	0	1	0	0	0	1	1	1	0	1
S20	2.915	0	2	1	2	1	0	2	2	2	2	2	2	2	0	2	1	0	1	0	2	2	2	2	2	2	2	2	2	1	1	1	1	0	0	1	1	1	0	1	1	1	0	1
T20	3.634	0	2	2	2	0	0	2	2	2	2	2	2	2	0	2	2	0	0	0	2	2	2	2	2	2	2	2	2	0	0	0	0	0	0	0	0	2	2	0	0	0	0	0
U20	2.977	1	1	0	1	0	1	1	1	1	1	1	1	1	1	1	0	0	1	0	1	1	1	1	1	1	1	1	1	1	1	1	1	0	0	1	0	0	0	1	1	1	0	1
V20	5.256	0	2	1	2	0	0	2	2	2	2	2	2	2	0	1	0	1	1	0	1	1	1	1	1	1	1	1	1	1	1	1	1	0	1	1	0	0	0	1	1	1	0	1
W20	4.561	0	2	2	2	2	0	2	2	2	2	2	2	2	0	2	2	0	0	0	2	2	2	2	2	2	2	2	2	0	0	0	0	0	0	0	0	2	0	0	0	0	0	0
X20	2.899	0	2	1	2	1	0	2	2	2	2	2	2	2	0	2	1	0	1	0	2	2	2	2	2	2	2	2	2	1	1	1	1	0	0	1	0	1	0	1	1	1	0	1
Y20	2.464	2	0	0	0	0	2	0	0	0	0	0	0	0	2	0	0	0	0	0	0	0	0	0	0	0	0	0	0	0	0	0	0	2	0	0	0	0	0	0	0	0	0	0
Z20	5.89	2	0	0	0	0	2	0	0	0	0	0	0	1	1	1	0	0	1	0	1	1	1	1	1	1	1	1	1	1	1	1	1	0	0	1	0	0	0	1	1	1	0	1
A21	4.855	1	1	0	1	0	1	1	1	1	1	1	1	1	1	1	0	0	1	0	1	1	1	1	1	1	1	1	1	1	1	1	1	1	0	1	0	0	0	1	1	1	0	1
B21	2.083	1	1	0	1	0	1	1	1	1	1	1	1	1	1	1	0	0	1	0	1	1	1	1	1	1	1	1	1	1	1	1	1	1	0	1	0	0	0	1	1	1	0	1
C21	9.312	0	2	2	2	2	0	2	2	2	2	2	2	2	0	2	2	0	0	0	2	2	2	2	2	2	2	2	2	0	0	0	0	0	0	0	0	2	0	0	0	0	0	0
D21	1.482	1	1	0	1	0	1	1	1	1	1	1	1	1	1	1	0	0	1	0	1	1	1	1	1	1	1	1	1	1	1	1	1	1	0	1	0	0	0	1	1	1	0	1
E21	3.58	1	1	1	1	1	1	1	1	1	1	1	1	1	1	1	1	0	0	0	1	1	1	1	1	1	1	1	1	0	0	0	0	1	0	0	0	1	0	0	0	0	0	0
F21	3.242	1	1	0	1	0	1	1	1	1	1	1	1	1	1	1	0	0	1	0	1	1	1	1	1	1	1	1	1	1	1	1	1	1	0	1	1	0	0	1	1	1	0	1
G21	31.71	NA	1	1	1	1	1	1	1	1	1	1	1	1	1	1	1	0	0	0	1	1	1	1	1	1	1	1	1	0	0	0	0	1	0	0	0	1	0	0	0	0	0	0
H21	11.62	2	0	0	0	0	2	0	0	0	0	0	0	0	2	0	0	0	0	0	0	0	0	0	0	0	0	0	0	0	0	0	0	2	0	0	0	0	0	0	0	0	0	0
I21	11.25	0	2	0	2	0	0	2	2	2	2	2	2	2	0	2	0	0	2	0	2	2	2	2	2	2	2	2	2	2	2	2	2	0	0	2	0	0	0	2	2	2	0	2
J21	4.765	1	1	0	1	0	1	1	1	1	1	1	1	1	1	1	0	0	1	0	1	1	1	1	1	1	1	1	1	1	1	1	1	1	0	1	0	0	0	1	1	1	0	1
K21	3.718	1	1	0	1	0	1	1	1	1	1	1	1	1	1	1	0	0	1	0	1	1	1	1	1	1	1	1	1	1	1	1	1	1	0	1	0	0	0	1	1	1	0	1
L21	7.943	0	2	1	2	1	0	2	2	2	2	2	2	2	0	2	1	0	1	0	2	2	2	2	2	2	2	2	2	1	1	1	1	0	0	1	0	1	0	1	1	1	0	1
M21	5.153	0	1	0	1	0	0	1	1	1	1	1	1	1	0	1	0	0	1	0	1	1	1	1	1	1	1	1	1	2	2	2	2	0	0	2	0	0	0	2	2	2	1	2
N21	3.043	1	1	0	1	0	1	1	1	1	1	1	1	1	1	1	0	0	1	0	1	1	1	1	1	1	1	1	1	1	1	1	1	1	0	1	0	0	0	1	1	1	0	1
O21	3.287	0	2	1	2	1	0	2	2	2	2	2	2	2	0	2	1	0	1	0	2	2	2	2	2	2	2	2	2	1	1	1	1	0	0	1	0	1	0	1	1	1	0	1
P21	8.582	1	1	0	1	0	1	1	1	1	1	1	1	1	1	1	0	0	1	0	1	1	1	1	1	1	1	1	1	1	1	1	1	1	0	1	0	0	0	1	1	1	0	1
Q21	4.281	1	1	1	1	1	1	1	1	1	1	1	1	1	1	1	1	0	0	0	1	1	1	1	1	1	1	1	1	0	0	0	0	0	0	0	0	1	0	0	0	0	0	0
R21	11.67	1	1	0	1	0	1	1	1	1	1	1	1	1	1	1	0	0	1	0	1	1	1	1	1	1	1	1	1	1	1	1	1	1	0	1	1	0	0	1	1	1	0	1
S21	9.233	0	2	1	2	1	0	2	2	2	2	2	2	2	0	2	1	0	1	0	2	2	2	2	2	2	2	2	2	1	1	1	1	0	0	1	0	1	0	1	1	1	0	1
T21	11.77	0	2	0	2	0	0	2	2	2	2	2	2	2	0	2	0	0	2	0	1	1	1	1	1	1	1	1	1	1	1	1	1	0	0	1	1	0	0	1	1	1	0	1
U21	10.2	0	2	1	2	1	0	2	2	2	2	2	2	2	0	2	1	0	1	0	2	2	2	2	2	2	2	2	2	1	1	1	1	0	0	1	0	1	0	1	1	1	0	1
V21	4.287	0	2	2	2	2	0	2	2	2	2	2	2	2	0	2	2	0	0	0	2	2	2	2	2	2	2	2	2	0	0	0	0	0	0	0	0	2	0	0	0	0	0	0
W21	7.011	1	1	1	1	1	1	1	1	1	1	1	1	1	1	1	1	0	0	0	1	1	1	1	1	1	1	1	1	0	0	0	0	1	0	0	0	1	0	0	0	0	0	0
X21	3.003	2	0	0	0	0	2	0	0	0	0	0	0	0	2	0	0	0	0	2	0	0	0	0	0	0	0	0	0	0	0	0	0	0	0	0	0	0	0	0	0	0	0	0
Y21	33.61	1	1	0	1	0	1	1	1	1	1	1	1	1	1	1	0	0	1	0	1	1	1	1	1	1	1	1	1	1	1	1	1	1	0	1	1	0	0	1	1	1	0	1
Z21	9.694	1	1	1	1	0	1	1	1	1	1	1	1	0	1	0	0	0	0	0	0	0	0	0	0	0	0	0	0	1	1	1	1	0	0	1	0	0	0	1	1	1	1	1
A22	5.493	0	2	2	2	2	0	2	2	2	2	2	2	2	0	2	2	0	0	0	2	2	2	2	2	2	2	2	2	0	0	NA	0	0	0	0	0	2	0	0	0	0	0	0
B22	10.66	0	2	1	2	1	0	2	2	2	2	2	2	2	0	2	1	0	1	0	2	2	2	2	2	2	2	2	2	1	1	1	1	0	0	1	1	1	0	1	1	1	0	1
C22	7.215	0	2	1	2	0	0	2	2	2	2	2	1	1	0	1	0	1	1	0	1	1	1	1	1	1	1	1	1	1	1	1	1	0	1	1	0	0	0	1	1	1	0	1
D22	19.06	2	0	0	0	0	2	0	0	0	0	0	0	0	2	0	0	0	0	0	0	0	0	0	0	0	0	0	0	0	0	0	0	1	0	0	0	0	0	0	0	0	0	0
E22	4.677	1	1	0	1	0	1	1	1	1	1	1	1	1	1	1	0	0	1	0	1	1	1	1	1	1	1	1	1	1	1	1	1	0	0	1	0	0	0	1	1	1	0	1
F22	1.758	0	2	0	2	0	0	2	2	2	2	2	2	2	0	2	0	0	2	0	2	2	2	2	2	2	2	2	2	2	2	2	2	0	0	2	1	0	0	2	2	2	0	2
G22	7.38	0	2	1	2	1	0	2	2	2	2	2	2	2	0	2	1	0	1	0	2	2	2	2	2	2	2	2	2	1	1	1	1	0	0	1	1	1	0	1	1	1	0	1
H22	4.346	1	1	1	1	1	1	1	1	1	1	1	1	1	1	1	1	0	0	0	1	1	1	1	1	1	1	1	1	0	0	0	0	1	0	0	0	1	0	0	0	0	0	0
I22	2.804	1	1	1	1	1	1	1	1	1	1	1	1	1	1	1	1	0	0	0	1	1	1	1	1	1	1	1	1	0	0	0	0	1	0	0	0	1	0	0	0	0	0	0
J22	2.515	1	1	0	1	0	1	1	1	1	1	1	1	1	1	1	0	0	1	1	1	1	1	1	1	1	1	1	1	1	1	1	1	0	0	1	0	0	0	1	1	1	0	1
K22	2.768	0	2	1	2	1	0	2	2	2	2	2	2	2	0	2	1	0	1	0	2	2	2	2	2	2	2	2	2	1	1	1	1	0	0	1	0	1	0	1	1	1	0	1
L22	3.693	1	1	0	1	0	1	1	1	1	1	1	1	1	1	1	0	0	1	0	1	1	1	1	1	1	1	1	1	1	1	1	1	0	0	1	0	0	0	1	1	1	0	1
M22	7.316	0	1	0	1	0	0	1	1	1	1	1	1	1	0	1	0	0	1	0	1	1	1	1	1	1	1	1	1	1	1	1	1	0	0	1	0	0	0	1	1	1	0	1
N22	6.837	1	1	1	1	0	1	1	1	1	1	1	1	1	1	1	1	0	0	0	1	1	1	1	1	1	1	1	1	0	0	0	0	0	0	0	0	1	1	0	0	0	0	0
O22	3.845	2	0	0	0	0	2	0	0	0	0	0	0	0	2	0	0	0	0	0	0	0	0	0	0	0	0	0	0	0	0	0	0	2	0	0	0	0	0	0	0	0	0	0
P22	3.105	0	2	1	2	1	0	2	2	2	2	2	2	2	0	2	1	0	1	0	2	2	2	2	2	2	2	2	2	1	1	1	1	0	0	1	1	1	0	1	1	1	0	1
Q22	8.218	2	0	0	0	0	2	0	0	0	0	0	0	0	2	0	0	0	0	0	0	0	0	0	0	0	0	0	0	0	0	0	0	0	0	0	0	0	0	0	0	0	0	0
R22	1.685	1	1	1	1	1	1	1	1	1	1	1	1	1	1	1	1	0	0	0	1	1	1	1	1	1	1	1	1	0	0	0	0	0	0	0	0	1	0	0	0	0	0	0
S22	4.957	1	1	0	1	0	1	1	1	1	1	1	1	1	1	1	0	0	1	1	1	1	1	1	1	1	1	1	1	1	1	1	1	0	0	1	0	0	0	1	1	1	0	1
T22	2.696	1	1	1	1	0	1	1	1	1	1	1	1	0	1	0	0	0	0	1	0	0	0	0	0	0	0	0	0	1	1	1	1	0	0	1	0	0	0	1	1	1	1	1
U22	1.735	1	1	1	1	1	1	1	1	1	1	1	1	1	1	1	1	0	0	0	1	1	1	1	1	1	1	1	1	0	0	0	0	0	0	0	0	1	0	0	0	0	0	0
V22	2.8	0	2	1	2	1	0	2	2	2	2	2	2	2	0	2	1	0	1	0	2	2	2	2	2	2	2	2	2	1	1	1	1	0	0	1	0	1	0	1	1	1	0	1
W22	3.005	1	1	0	1	0	1	1	1	1	1	1	1	1	1	1	0	0	1	0	1	1	1	1	1	1	1	1	1	1	1	1	1	0	0	1	1	0	0	1	1	1	0	1
X22	4.282	0	2	1	2	1	0	2	2	2	2	2	2	2	0	2	1	0	1	0	2	2	2	2	2	2	2	2	2	1	1	1	1	0	0	1	1	1	0	1	1	1	0	1
Y22	1.69	0	2	0	2	0	0	2	2	2	2	2	2	2	0	2	0	0	2	0	2	2	2	2	2	2	2	2	2	2	2	2	2	0	0	2	0	0	0	2	2	2	0	2
Z22	15.06	2	0	0	0	0	2	0	0	0	0	0	0	0	2	0	0	0	0	0	0	0	0	0	0	0	0	0	0	0	0	0	0	1	0	0	0	0	0	0	0	0	0	0
A33	4.608	1	1	1	1	1	1	1	1	1	1	1	1	1	1	1	1	0	0	0	1	1	1	1	1	1	1	1	1	0	0	0	0	1	0	0	0	1	0	0	0	0	0	0
B33	4.241	1	1	0	1	0	1	1	1	1	1	1	1	1	1	1	0	0	1	0	1	1	1	1	1	1	1	1	1	1	1	1	1	0	0	1	1	0	0	1	1	1	0	1
